Created robot #0
  Memory locations:
	Port:	6665
	Client:		0x711880
	Pos2dProxy:	0x716ca0
	Ranger:		0x716f80
	Map:		0x7ffcfe1c8f60

Created robot #1
  Memory locations:
	Port:	6666
	Client:		0x7172d0
	Pos2dProxy:	0x715620
	Ranger:		0x715900
	Map:		0x7ffcfe1c8fc0

Press any key to begin, and q to stop.
Explored (%)	Simulation Timestep (s)
0	47
2.9916	0.1
4.224	0.1
4.9932	0.2
5.3692	0.1
5.7376	0.1
5.8564	0.1
6.1352	0.2
6.3152	0.1
6.4688	0.1
6.5668	0.1
6.6924	0.2
6.7544	0.1
6.822	0.1
6.8808	0.1
6.9988	0.2
7.09	0.1
7.1968	0.1
7.3288	0.1
7.5244	0.2
7.6084	0.1
7.6796	0.1
7.7592	0.1
7.9068	0.2
8.0132	0.1
8.1392	0.1
8.226	0.1
8.3608	0.2
8.462	0.1
8.5592	0.1
8.6504	0.1
8.8272	0.2
8.978	0.1
9.1228	0.1
9.3468	0.1
9.5708	0.2
9.7192	0.1
9.8612	0.2
10.0256	0.2
10.1156	0.1
10.2656	0.1
10.4936	0.1
10.726	0.2
10.8784	0.1
11.1288	0.2
11.4272	0.2
11.7284	0.2
12.0324	0.1
12.302	0.3
12.464	0.2
12.7772	0.2
13.0764	0.2
13.2676	0.1
13.5456	0.3
13.7676	0.2
14.0828	0.2
14.3524	0.2
14.576	0.1
14.9004	0.3
15.0752	0.2
15.3544	0.2
15.6564	0.2
15.898	0.1
16.1828	0.3
16.3836	0.2
16.7552	0.2
17.2192	0.2
17.5016	0.1
17.8436	0.3
18.0464	0.2
18.3268	0.2
18.5388	0.2
18.7692	0.1
19.1024	0.3
19.3484	0.2
19.6224	0.2
19.8584	0.2
20.0572	0.1
20.4032	0.3
20.7688	0.2
21.1304	0.2
21.4032	0.2
21.5872	0.1
21.9016	0.3
22.2688	0.2
22.598	0.2
22.8356	0.2
23.2216	0.1
23.6452	0.3
23.7632	0.2
24.0492	0.2
24.45	0.2
24.87	0.1
25.318	0.3
25.6152	0.2
25.9652	0.2
26.314	0.2
26.614	0.1
27.0504	0.3
27.168	0.2
27.4124	0.2
27.6388	0.1
28.0612	0.2
28.3912	0.2
28.7552	0.3
29.1252	0.2
29.3256	0.2
29.6384	0.1
29.9452	0.2
30.2488	0.3
30.5316	0.2
30.9924	0.2
31.3748	0.1
31.7104	0.2
31.8876	0.3
32.2636	0.2
32.7332	0.2
33.092	0.1
33.5592	0.2
33.9652	0.3
34.3844	0.2
34.7504	0.2
35.1128	0.1
35.4524	0.2
35.6536	0.3
36.0472	0.2
36.4756	0.2
36.6744	0.1
36.9832	0.2
37.3748	0.3
37.8188	0.2
38.3812	0.2
38.6804	0.1
39.0904	0.2
39.3288	0.3
39.6996	0.2
40.1376	0.2
40.5228	0.1
41.014	0.2
41.3844	0.3
41.72	0.2
42.1292	0.2
42.3912	0.1
42.716	0.2
43.0672	0.3
43.5496	0.2
43.8728	0.2
44.1884	0.1
44.6172	0.2
44.9228	0.3
45.2528	0.2
45.6652	0.2
46.0492	0.1
46.458	0.2
46.9136	0.3
47.2056	0.2
47.7096	0.2
48.152	0.1
48.7016	0.2
49.086	0.3
49.394	0.2
49.8624	0.2
50.2768	0.1
50.6172	0.2
50.8788	0.3
51.2832	0.2
51.8636	0.2
52.1684	0.1
52.5524	0.2
52.86	0.3
53.3812	0.2
53.784	0.2
54.118	0.1
54.5248	0.2
54.848	0.3
55.3128	0.2
55.764	0.2
56.1904	0.1
56.7564	0.2
56.9672	0.3
57.326	0.2
57.7008	0.2
58.0908	0.1
58.5864	0.2
58.9844	0.3
59.3556	0.2
59.6064	0.2
59.8704	0.1
60.194	0.2
60.55	0.3
60.9172	0.2
61.1964	0.2
61.4216	0.1
61.802	0.2
62.1736	0.3
62.3996	0.2
62.6552	0.2
62.7732	0.1
63.0932	0.2
63.336	0.3
63.5896	0.2
63.8236	0.2
64.01	0.1
64.3428	0.2
64.7028	0.3
64.9012	0.2
65.1516	0.2
65.3532	0.1
65.5464	0.2
65.718	0.3
65.9772	0.2
66.2444	0.2
66.4732	0.1
66.8448	0.2
67.068	0.3
67.3384	0.2
67.5496	0.2
67.8356	0.1
68.2296	0.2
68.5072	0.3
68.7872	0.2
68.9348	0.2
69.036	0.1
69.136	0.2
69.282	0.3
69.5132	0.2
69.8348	0.2
70.0928	0.1
70.354	0.2
70.5728	0.3
70.7164	0.2
70.8344	0.2
70.894	0.1
70.9748	0.2
71.0628	0.3
71.2628	0.2
71.4612	0.2
71.5908	0.1
71.722	0.2
71.7656	0.3
71.8832	0.2
72.0176	0.2
72.06	0.1
72.1004	0.2
72.1716	0.3
72.2996	0.2
72.4164	0.2
72.4748	0.1
72.5516	0.2
72.6308	0.2
72.6672	0.1
72.6892	0.2
72.7724	0.3
72.8196	0.2
72.9224	0.2
73.0496	0.1
73.1548	0.2
73.3192	0.3
73.4412	0.2
73.5792	0.2
73.6652	0.1
73.8488	0.2
74.0144	0.3
74.1532	0.2
74.2452	0.2
74.2884	0.1
74.386	0.2
74.5376	0.3
74.6656	0.2
74.7916	0.2
74.8684	0.1
74.9636	0.2
75.1196	0.3
75.216	0.2
75.2804	0.2
75.3256	0.1
75.402	0.2
75.4828	0.3
75.5568	0.2
75.5984	0.2
75.6328	0.1
75.6796	0.2
75.708	0.3
75.7336	0.2
75.7508	0.2
75.7864	0.1
75.854	0.2
75.8752	0.3
75.8976	0.2
75.914	0.2
75.9252	0.1
75.9696	0.2
75.984	0.3
75.9892	0.2
76.0168	0.2
76.0548	0.1
76.0824	0.2
76.0924	0.3
76.1084	0.2
76.1132	0.2
76.1144	0.1
76.1248	0.2
76.1356	0.3
76.142	0.2
76.1476	0.2
76.1588	0.1
76.1612	0.2
76.1624	0.3
76.1624	0.2
76.1636	0.2
76.164	0.1
76.164	0.2
76.164	0.3
76.164	0.2
76.164	0.2
76.1644	0.1
76.1644	0.2
76.1644	0.3
76.1644	0.2
76.1644	0.2
76.1644	0.1
76.1644	0.2
76.1644	0.3
76.1644	0.2
76.1644	0.2
76.1644	0.1
76.1644	0.2
76.1644	0.3
76.1644	0.2
76.1644	0.2
76.1644	0.1
76.1644	0.2
76.1644	0.3
76.1644	0.2
76.1644	0.2
76.1648	0.1
76.1648	0.2
76.1648	0.3
76.1648	0.2
76.1648	0.2
76.1656	0.1
76.1656	0.2
76.1656	0.3
76.1656	0.2
76.1656	0.2
76.1656	0.1
76.1656	0.2
76.166	0.3
76.1688	0.2
76.1704	0.2
76.1704	0.1
76.1716	0.2
76.1728	0.3
76.1728	0.2
76.1732	0.2
76.1736	0.1
76.1752	0.2
76.1852	0.3
76.1964	0.2
76.2136	0.2
76.2352	0.1
76.2496	0.2
76.3056	0.3
76.3428	0.2
76.4024	0.2
76.4272	0.1
76.4796	0.2
76.5252	0.3
76.5608	0.2
76.5992	0.2
76.644	0.1
76.694	0.2
76.8744	0.3
77.0348	0.2
77.0864	0.2
77.1128	0.1
77.1816	0.2
77.4148	0.3
77.6364	0.2
77.7912	0.2
77.8708	0.1
78.1072	0.2
78.2472	0.3
78.4136	0.2
78.5444	0.2
78.6664	0.1
78.8216	0.2
78.9088	0.3
79.0132	0.2
79.1636	0.2
79.2524	0.1
79.4176	0.2
79.666	0.3
79.8412	0.2
79.9692	0.2
80.0936	0.1
80.2424	0.2
80.428	0.3
80.6892	0.2
81.158	0.2
81.3664	0.1
81.7004	0.2
82	0.3
82.212	0.2
82.5108	0.2
82.7896	0.1
83.126	0.2
83.4848	0.3
83.8456	0.2
84.3388	0.2
84.55	0.1
84.8964	0.2
85.2944	0.2
85.6836	0.1
86.1136	0.2
86.3592	0.3
86.6244	0.2
86.94	0.2
87.2744	0.1
87.7592	0.2
88.1024	0.2
88.4556	0.1
88.7416	0.2
89.076	0.2
89.51	0.2
89.8428	0.2
90.12	0.3
90.3832	0.2
90.6164	0.2
90.8816	0.1
91.0652	0.2
91.2572	0.3
91.4772	0.2
91.696	0.2
91.8712	0.1
92.052	0.2
92.204	0.3
92.3456	0.2
92.482	0.2
92.6632	0.1
92.8496	0.2
92.9908	0.3
93.1936	0.2
93.378	0.2
93.4872	0.1
93.5816	0.2
93.6412	0.3
93.8044	0.2
94.0004	0.2
94.1968	0.1
94.3788	0.2
94.4892	0.3
94.5772	0.2
94.6756	0.2
94.7508	0.1
94.8376	0.2
94.9232	0.3
95.0056	0.2
95.1636	0.2
95.25	0.1
95.3808	0.2
95.5348	0.3
95.7552	0.2
95.936	0.2
96.0884	0.1
96.2608	0.2
96.374	0.3
96.4436	0.2
96.5104	0.2
96.5792	0.1
96.626	0.2
96.698	0.3
96.734	0.2
96.7768	0.2
96.7904	0.1
96.83	0.2
96.8736	0.3
96.9004	0.2
96.9252	0.2
96.9496	0.1
96.9764	0.2
96.9936	0.3
97.0204	0.2
97.0308	0.2
97.04	0.1
97.0496	0.2
97.0628	0.3
97.0692	0.2
97.0736	0.2
97.0768	0.1
97.0812	0.2
97.0868	0.3
97.0892	0.2
97.09	0.2
97.09	0.1
97.092	0.2
97.1012	0.3
97.102	0.2
97.1064	0.2
97.1084	0.1
97.1168	0.2
97.1244	0.3
97.1272	0.2
97.1276	0.2
97.1284	0.1
97.1296	0.2
97.1368	0.3
97.1368	0.2
97.1384	0.2
97.1388	0.1
97.144	0.2
97.1452	0.3
97.1456	0.2
97.1464	0.2
97.1476	0.1
97.1544	0.2
97.1588	0.3
97.172	0.2
97.1988	0.2
97.2292	0.1
97.2564	0.2
97.2668	0.3
97.284	0.2
97.348	0.2
97.4148	0.1
97.4832	0.2
97.5044	0.3
97.5528	0.2
97.5852	0.2
97.6344	0.1
97.6776	0.2
97.7148	0.3
97.7296	0.2
97.7468	0.2
97.7504	0.1
97.7608	0.2
97.7688	0.3
97.7744	0.2
97.828	0.2
97.8504	0.1
97.8704	0.2
97.8804	0.3
97.9068	0.2
97.9168	0.2
97.9192	0.1
97.9312	0.2
97.9312	0.3
97.9332	0.2
97.9344	0.2
97.9372	0.1
97.9404	0.2
97.9432	0.3
97.9516	0.2
97.954	0.2
97.956	0.1
97.9564	0.2
97.9568	0.3
97.9572	0.2
97.9576	0.2
97.9576	0.1
97.9592	0.2
97.9652	0.3
97.9768	0.2
97.9876	0.2
97.99	0.1
97.9908	0.2
97.9936	0.3
97.9984	0.2
98.002	0.2
98.0048	0.1
98.0064	0.2
98.0064	0.3
98.0068	0.2
98.0076	0.2
98.008	0.1
98.008	0.2
98.008	0.3
98.008	0.2
98.0092	0.2
98.0092	0.1
98.0092	0.2
98.0092	0.3
98.0092	0.2
98.0092	0.2
98.0092	0.1
98.0092	0.2
98.0092	0.3
98.0092	0.2
98.0092	0.2
98.0092	0.1
98.0092	0.2
98.0092	0.3
98.0092	0.2
98.0092	0.2
98.0092	0.1
98.0092	0.2
98.0092	0.3
98.0092	0.2
98.0092	0.2
98.0092	0.1
98.0092	0.2
98.0092	0.3
98.0092	0.2
98.0092	0.2
98.0092	0.1
98.0092	0.2
98.0092	0.3
98.0092	0.2
98.0092	0.2
98.0092	0.1
98.0092	0.2
98.0092	0.3
98.0092	0.2
98.0092	0.2
98.0092	0.1
98.0092	0.2
98.0092	0.3
98.0092	0.2
98.0092	0.2
98.0092	0.1
98.0092	0.2
98.0092	0.3
98.0092	0.2
98.0092	0.2
98.0096	0.1
98.0096	0.2
98.0096	0.3
98.0096	0.2
98.0096	0.2
98.0096	0.1
98.0096	0.2
98.0108	0.3
98.0108	0.2
98.0108	0.2
98.0108	0.1
98.0108	0.2
98.0108	0.3
98.0112	0.2
98.0112	0.2
98.0112	0.1
98.0112	0.2
98.0112	0.3
98.0128	0.2
98.0132	0.2
98.0132	0.1
98.0132	0.2
98.0136	0.3
98.0136	0.2
98.0136	0.2
98.0136	0.1
98.014	0.2
98.0144	0.3
98.0148	0.2
98.0148	0.2
98.0148	0.1
98.0148	0.2
98.016	0.3
98.016	0.2
98.0164	0.2
98.0172	0.1
98.0172	0.2
98.0172	0.3
98.0172	0.2
98.0172	0.2
98.0172	0.1
98.0172	0.2
98.0192	0.3
98.0196	0.2
98.02	0.2
98.0248	0.1
98.0412	0.2
98.0424	0.3
98.0488	0.2
98.05	0.2
98.05	0.1
98.0548	0.2
98.0592	0.3
98.0716	0.2
98.084	0.2
98.094	0.1
98.1036	0.2
98.1136	0.2
98.1136	0.1
98.1136	0.2
98.1136	0.2
98.12	0.1
98.1264	0.2
98.1264	0.3
98.1276	0.2
98.128	0.2
98.134	0.1
98.1348	0.2
98.1348	0.3
98.1356	0.2
98.1368	0.2
98.1376	0.1
98.1388	0.2
98.1388	0.3
98.1392	0.2
98.1392	0.2
98.1396	0.1
98.1396	0.2
98.1396	0.3
98.1396	0.2
98.14	0.2
98.14	0.1
98.1404	0.2
98.1404	0.3
98.1408	0.2
98.142	0.2
98.1436	0.1
98.156	0.2
98.1732	0.3
98.1884	0.2
98.2056	0.2
98.2304	0.1
98.26	0.2
98.2976	0.3
98.3476	0.2
98.3728	0.2
98.4032	0.1
98.4456	0.2
98.4628	0.3
98.4896	0.2
98.5352	0.2
98.5548	0.1
98.5896	0.2
98.6132	0.2
98.6284	0.1
98.6764	0.2
98.704	0.3
98.7128	0.2
98.7204	0.2
