Created robot #0
  Memory locations:
	Port:	6665
	Client:		0x2164880
	Pos2dProxy:	0x2169ca0
	Ranger:		0x2169f80
Created robot #1
  Memory locations:
	Port:	6666
	Client:		0x216a300
	Pos2dProxy:	0x2168620
	Ranger:		0x2168900
Press any key to begin, and q to stop.
Explored (%)	Simulation Timestep (s)
0	8.6
3.078	0.2
4.4936	0.2
5.1964	0.2
5.6372	0.1
5.89	0.2
6.1368	0.2
6.2832	0.1
6.4252	0.2
6.568	0.2
6.7096	0.1
6.8736	0.2
7.0596	0.2
7.1488	0.1
7.3332	0.2
7.5076	0.2
7.6012	0.1
7.7396	0.2
7.9176	0.2
8.018	0.1
8.2628	0.2
8.5376	0.2
8.666	0.1
8.8904	0.2
9.0548	0.2
9.1576	0.1
9.3596	0.2
9.566	0.2
9.6896	0.1
9.9228	0.2
10.1488	0.2
10.2632	0.1
10.4864	0.2
10.7328	0.2
10.8788	0.1
11.1848	0.2
11.452	0.2
11.5772	0.1
11.8208	0.2
12.1244	0.2
12.2988	0.1
12.5464	0.2
12.8568	0.2
13.0196	0.1
13.1584	0.2
13.2244	0.1
13.4348	0.2
13.7704	0.2
14.0252	0.1
14.288	0.2
14.5144	0.2
14.6756	0.1
14.912	0.2
15.184	0.2
15.2884	0.1
15.5476	0.2
15.83	0.2
15.9632	0.1
16.0988	0.2
16.3516	0.2
16.5644	0.1
16.7864	0.2
17.1376	0.2
17.364	0.1
17.7108	0.2
18.0128	0.2
18.1392	0.1
18.3192	0.2
18.592	0.2
18.8364	0.1
19.1116	0.2
19.2888	0.2
19.3932	0.1
19.6544	0.2
19.924	0.2
20.0548	0.1
20.3132	0.2
20.7188	0.2
20.9116	0.1
21.2004	0.2
21.6044	0.2
21.86	0.1
22.2064	0.2
22.5672	0.2
22.7652	0.1
23.048	0.2
23.4104	0.2
23.7488	0.1
24.0784	0.2
24.3408	0.2
24.5052	0.1
24.7712	0.2
25.0452	0.2
25.2236	0.1
25.4156	0.2
25.66	0.2
25.8132	0.1
26.2052	0.2
26.6188	0.2
26.852	0.1
27.1288	0.2
27.426	0.2
27.634	0.1
27.8852	0.2
28.2272	0.2
28.502	0.1
28.818	0.2
29.1092	0.2
29.2736	0.1
29.5148	0.2
29.8088	0.2
29.994	0.1
30.4272	0.2
30.8012	0.2
30.9796	0.1
31.2884	0.2
31.738	0.2
32.0864	0.1
32.4112	0.2
32.7544	0.2
33.0064	0.1
33.3104	0.2
33.5428	0.2
33.7016	0.1
34.022	0.2
34.3732	0.2
34.6136	0.1
34.8848	0.2
35.278	0.2
35.5216	0.1
35.7868	0.2
36.096	0.2
36.2708	0.1
36.6	0.2
36.996	0.2
37.2228	0.1
37.594	0.2
38.0548	0.2
38.3936	0.1
38.7164	0.2
39.1696	0.2
39.4628	0.1
39.5804	0.1
39.87	0.2
40.036	0.1
40.3324	0.1
40.5676	0.1
40.8816	0.2
41.1556	0.1
41.3468	0.1
41.498	0.1
41.7808	0.2
41.9544	0.1
42.146	0.1
42.3276	0.1
42.6584	0.2
42.8984	0.1
43.1936	0.1
43.3332	0.1
43.6156	0.2
43.8456	0.1
44.0332	0.1
44.2608	0.1
44.7276	0.2
45.0308	0.1
45.1504	0.1
45.2496	0.1
45.4936	0.2
45.6496	0.1
45.9292	0.1
46.32	0.1
46.8532	0.2
47.1528	0.1
47.3976	0.1
47.8084	0.1
48.1908	0.2
48.5376	0.1
48.7664	0.1
49.1184	0.1
49.4356	0.2
49.6012	0.1
49.7772	0.1
49.9388	0.1
50.2188	0.2
50.3884	0.1
50.532	0.1
50.6424	0.1
50.8376	0.2
50.9828	0.1
51.1252	0.1
51.2392	0.1
51.554	0.2
51.734	0.1
51.9716	0.1
52.13	0.1
52.4188	0.2
52.628	0.1
52.8448	0.1
52.9836	0.1
53.3268	0.2
53.5104	0.1
53.6604	0.1
53.8004	0.1
54.096	0.2
54.2856	0.1
54.4836	0.1
54.7896	0.1
55.0124	0.2
55.1616	0.1
55.3536	0.1
55.5844	0.1
55.9632	0.2
56.232	0.1
56.3432	0.1
56.582	0.1
56.9556	0.2
57.1512	0.1
57.2876	0.1
57.4952	0.1
57.872	0.2
58.1788	0.1
58.3212	0.1
58.474	0.1
58.7	0.2
58.914	0.1
59.0628	0.1
59.2808	0.1
59.6756	0.2
59.8548	0.1
60.0608	0.1
60.3116	0.1
60.5776	0.2
60.7512	0.1
60.8844	0.1
61.1688	0.1
61.5004	0.2
61.7548	0.1
62.0008	0.1
62.398	0.1
62.804	0.2
63.0548	0.1
63.1528	0.1
63.3112	0.1
63.5456	0.2
63.6764	0.1
63.8384	0.1
63.9416	0.1
64.1476	0.2
64.2948	0.1
64.434	0.1
64.5392	0.1
64.778	0.2
64.9196	0.1
65.0632	0.1
65.2252	0.1
65.3748	0.2
65.48	0.1
65.5796	0.1
65.678	0.1
65.8388	0.2
65.984	0.1
66.082	0.1
66.1992	0.1
66.4884	0.2
66.6112	0.1
66.8144	0.1
66.9912	0.1
67.2368	0.2
67.3356	0.1
67.534	0.1
67.7972	0.1
68.112	0.2
68.3036	0.1
68.3696	0.1
68.4484	0.1
68.5248	0.2
68.5872	0.1
68.6536	0.1
68.7604	0.1
68.8992	0.2
68.9984	0.1
69.1088	0.1
69.2472	0.1
69.4272	0.2
69.5996	0.1
69.6836	0.1
69.7952	0.1
69.9812	0.2
70.1652	0.1
70.346	0.1
70.5296	0.1
70.6784	0.2
70.754	0.1
70.7972	0.1
70.8332	0.1
70.932	0.2
70.9916	0.1
71.058	0.1
71.1428	0.1
71.2648	0.2
71.3376	0.1
71.4264	0.1
71.5064	0.1
71.6044	0.2
71.656	0.1
71.6744	0.1
71.6872	0.1
71.728	0.2
71.7424	0.1
71.7596	0.1
71.7856	0.1
71.8192	0.2
71.844	0.1
71.902	0.1
71.9392	0.1
71.9596	0.2
71.97	0.1
72.002	0.1
72.0552	0.1
72.1148	0.2
72.14	0.1
72.1824	0.1
72.2168	0.1
72.2364	0.2
72.2464	0.1
72.248	0.1
72.254	0.1
72.2572	0.2
72.2592	0.1
72.264	0.1
72.2788	0.1
72.2828	0.2
72.2912	0.1
72.296	0.1
72.3	0.1
72.304	0.2
72.3056	0.1
72.3068	0.1
72.3108	0.1
72.3124	0.2
72.3144	0.1
72.3144	0.1
72.3184	0.1
72.3212	0.2
72.3228	0.1
72.3232	0.1
72.3256	0.1
72.3276	0.2
72.3288	0.1
72.3288	0.1
72.3288	0.1
72.3304	0.2
72.3308	0.1
72.3312	0.1
72.3316	0.1
72.332	0.2
72.332	0.1
72.332	0.1
72.3324	0.1
72.3324	0.2
72.3324	0.1
72.3324	0.1
72.3324	0.1
72.3324	0.2
72.3328	0.1
72.3328	0.1
72.3356	0.1
72.3444	0.2
72.3452	0.1
72.354	0.1
72.3612	0.1
72.364	0.2
72.3644	0.1
72.3676	0.1
72.3748	0.1
72.3824	0.2
72.3856	0.1
72.3916	0.1
72.3944	0.1
72.4016	0.2
72.4036	0.1
72.4044	0.1
72.408	0.1
72.4156	0.2
72.418	0.1
72.4188	0.1
72.4208	0.1
72.4332	0.2
72.442	0.1
72.4548	0.1
72.4644	0.1
72.4704	0.2
72.4756	0.1
72.4872	0.1
72.4912	0.1
72.4968	0.2
72.5016	0.1
72.508	0.2
72.5088	0.2
72.5184	0.2
72.5256	0.1
72.5344	0.2
72.5452	0.2
72.5504	0.1
72.562	0.2
72.5776	0.2
72.5972	0.1
72.6144	0.2
72.6276	0.2
72.6584	0.1
72.6792	0.2
72.6892	0.2
72.698	0.1
72.7208	0.2
72.7376	0.2
72.7512	0.1
72.7828	0.2
72.806	0.2
72.8236	0.1
72.9504	0.2
73.0788	0.2
73.1716	0.1
73.2332	0.2
73.2576	0.2
73.286	0.1
73.33	0.2
73.3744	0.2
73.392	0.1
73.5328	0.2
73.7012	0.2
73.8528	0.1
73.9808	0.2
74.0812	0.2
74.1132	0.1
74.1912	0.2
74.3016	0.2
74.3776	0.1
74.444	0.2
74.5008	0.2
74.528	0.1
74.5796	0.2
74.6284	0.2
74.668	0.1
74.7504	0.2
74.8472	0.2
74.8876	0.1
74.978	0.2
75.084	0.2
75.1668	0.1
75.384	0.2
75.582	0.2
75.7104	0.1
75.908	0.2
76.0556	0.2
76.0996	0.1
76.162	0.2
76.2472	0.2
76.3	0.1
76.3728	0.2
76.526	0.2
76.6216	0.1
76.7524	0.2
76.872	0.2
76.96	0.1
77.0992	0.2
77.2364	0.2
77.3636	0.1
77.4888	0.2
77.6228	0.2
77.6808	0.1
77.856	0.2
78.106	0.2
78.3092	0.1
78.5424	0.2
78.7412	0.2
78.838	0.1
78.9916	0.2
79.0704	0.2
79.144	0.1
79.2176	0.2
79.3332	0.2
79.398	0.1
79.4564	0.2
79.5084	0.2
79.5448	0.1
79.6092	0.2
79.6628	0.2
79.6932	0.1
79.7224	0.2
79.746	0.2
79.7604	0.1
79.7988	0.2
79.8552	0.2
79.8892	0.1
79.9724	0.2
80.0112	0.2
80.0408	0.1
80.1072	0.2
80.1592	0.2
80.19	0.1
80.2316	0.2
80.2724	0.2
80.3024	0.1
80.3304	0.2
80.3544	0.2
80.364	0.1
80.3736	0.2
80.3932	0.2
80.4024	0.1
80.4512	0.2
80.47	0.2
80.478	0.1
80.522	0.2
80.5244	0.2
80.5292	0.1
80.542	0.2
80.5704	0.2
80.6	0.1
80.6076	0.2
80.6148	0.2
80.618	0.1
80.6272	0.2
80.646	0.2
80.6756	0.1
80.742	0.2
80.8364	0.2
80.8436	0.1
80.8792	0.2
80.9284	0.2
80.962	0.1
80.9664	0.2
80.98	0.2
80.9912	0.1
81.018	0.2
81.028	0.2
81.0336	0.1
81.0368	0.2
81.0508	0.2
81.062	0.1
81.0812	0.2
81.082	0.2
81.084	0.1
81.0916	0.2
81.092	0.2
81.0932	0.1
81.0944	0.2
81.0948	0.2
81.096	0.1
81.0976	0.2
81.1008	0.2
81.106	0.1
81.114	0.2
81.124	0.2
81.1272	0.1
81.1348	0.2
81.1412	0.2
81.1436	0.1
81.1448	0.2
81.146	0.2
81.1468	0.1
81.1504	0.2
81.1572	0.2
81.1648	0.1
81.1756	0.2
81.1848	0.3
81.2084	0.2
81.2216	0.2
81.236	0.1
81.2528	0.2
81.2672	0.2
81.2792	0.1
81.2844	0.2
81.2936	0.2
81.3248	0.1
81.3472	0.2
81.3796	0.2
81.4136	0.1
81.4316	0.2
81.4424	0.3
81.4592	0.2
81.47	0.2
81.4756	0.1
81.5544	0.2
81.5684	0.3
81.5928	0.2
81.6236	0.2
81.6476	0.1
81.6752	0.2
81.7044	0.3
81.72	0.2
81.7256	0.2
81.7324	0.1
81.7408	0.2
81.7416	0.2
81.7436	0.1
81.7436	0.2
81.7448	0.3
81.7448	0.2
81.7448	0.2
81.746	0.1
81.746	0.2
81.746	0.3
81.7468	0.2
81.7472	0.2
81.748	0.1
81.748	0.2
81.748	0.2
81.748	0.1
81.748	0.2
81.748	0.3
81.7512	0.2
81.7612	0.2
81.7752	0.1
81.7812	0.2
81.7972	0.3
81.8188	0.2
81.834	0.2
81.8528	0.1
81.8708	0.2
81.8736	0.3
81.8984	0.2
81.924	0.2
81.9456	0.1
81.9664	0.2
81.994	0.3
82.0264	0.2
82.0524	0.2
82.0864	0.1
82.1408	0.2
82.1588	0.3
82.2084	0.2
82.27	0.2
82.3256	0.1
82.3928	0.2
82.41	0.3
82.4484	0.2
82.4916	0.2
82.5356	0.1
82.612	0.2
82.644	0.3
82.7144	0.2
82.7936	0.2
82.8148	0.1
82.8636	0.2
82.8872	0.3
83.0164	0.2
83.1912	0.2
83.3216	0.1
83.4396	0.2
83.5448	0.3
83.68	0.2
83.7692	0.2
83.8488	0.1
83.8796	0.2
83.9388	0.3
84.0264	0.2
84.0776	0.2
84.1456	0.1
84.2032	0.2
84.244	0.3
84.3028	0.2
84.4288	0.2
84.5132	0.1
84.5812	0.2
84.6252	0.3
84.7096	0.2
84.8224	0.2
84.9316	0.1
85.0592	0.2
85.1436	0.3
85.3136	0.2
85.5572	0.2
85.644	0.1
85.7668	0.2
85.81	0.3
85.9408	0.2
86.1804	0.2
86.3576	0.1
86.4036	0.2
86.4504	0.3
86.5768	0.2
86.8388	0.2
87.1	0.1
87.3264	0.2
87.4612	0.3
87.5672	0.2
87.7236	0.2
87.844	0.1
87.9312	0.2
87.9688	0.3
88.0664	0.2
88.2412	0.2
88.4292	0.1
88.6568	0.2
88.7848	0.3
88.9696	0.2
89.0812	0.2
89.2104	0.1
89.3496	0.2
89.4288	0.3
89.6372	0.2
89.8924	0.2
90.1124	0.1
90.2656	0.2
90.336	0.3
90.476	0.2
90.71	0.2
90.9552	0.1
91.0968	0.2
91.1832	0.3
91.3096	0.2
91.5564	0.2
91.7452	0.1
91.9176	0.2
92.008	0.3
92.1756	0.2
92.4304	0.2
92.6504	0.1
92.8936	0.2
93.0152	0.3
93.1548	0.2
93.3576	0.2
93.5616	0.1
93.8264	0.2
93.8872	0.3
94.01	0.2
94.2364	0.2
94.41	0.1
94.578	0.2
94.6668	0.3
94.8168	0.2
95.0004	0.2
95.162	0.1
95.2192	0.2
95.3624	0.3
95.532	0.2
95.6048	0.2
95.6636	0.1
95.7164	0.2
95.8568	0.3
95.9272	0.2
96.0324	0.2
96.1616	0.1
96.2696	0.2
96.376	0.3
96.492	0.2
96.5256	0.2
96.5448	0.2
96.6	0.2
96.702	0.2
96.7916	0.1
96.8948	0.2
96.9744	0.3
97.098	0.2
97.1792	0.2
97.222	0.1
97.2748	0.2
97.2928	0.3
97.3212	0.2
97.378	0.2
97.4676	0.1
97.608	0.2
97.7132	0.3
97.7888	0.2
97.8324	0.2
97.8524	0.1
97.8888	0.2
97.9188	0.3
97.9956	0.2
98.0352	0.2
98.0868	0.1
98.1664	0.2
98.1804	0.3
98.186	0.2
98.2048	0.2
98.2304	0.1
98.2948	0.2
98.3436	0.3
98.3596	0.2
98.3684	0.2
98.3924	0.1
98.42	0.2
98.4468	0.3
98.4644	0.2
98.4892	0.2
98.5524	0.1
98.5848	0.2
98.6128	0.3
98.6188	0.2
98.6224	0.2
98.6312	0.1
98.644	0.2
98.6536	0.3
98.6548	0.2
98.6608	0.2
98.6672	0.1
98.6724	0.2
98.6736	0.3
98.676	0.2
98.6776	0.2
98.6796	0.1
98.68	0.2
98.6836	0.3
98.6856	0.2
98.6896	0.2
98.6896	0.1
98.698	0.2
98.7036	0.2
98.71	0.1
98.718	0.2
98.7228	0.2
98.7236	0.1
98.7292	0.2
98.7292	0.3
98.7316	0.2
