Created robot #0
  Memory locations:
	Port:	6665
	Client:		0x648880
	Pos2dProxy:	0x64dca0
	Ranger:		0x64df80
	Map:		0x7ffe89289fe0

Created robot #1
  Memory locations:
	Port:	6666
	Client:		0x64e2d0
	Pos2dProxy:	0x64c620
	Ranger:		0x64c900
	Map:		0x7ffe8928a040

Created robot #2
  Memory locations:
	Port:	6667
	Client:		0x64ca90
	Pos2dProxy:	0x64e440
	Ranger:		0x64e720
	Map:		0x7ffe8928a0a0

Created robot #3
  Memory locations:
	Port:	6668
	Client:		0x64e8b0
	Pos2dProxy:	0x64ec60
	Ranger:		0x64ef40
	Map:		0x7ffe8928a100

Created robot #4
  Memory locations:
	Port:	6669
	Client:		0x64f0d0
	Pos2dProxy:	0x64f440
	Ranger:		0x64f720
	Map:		0x7ffe8928a160

Press any key to begin, and q to stop.
Explored (%)	Simulation Timestep (s)
0	21.3
4.8588	0.2
6.076	0.1
6.4628	0.2
6.8096	0.2
7.1276	0.1
7.4008	0.2
7.5672	0.2
7.7132	0.1
7.9176	0.2
8.0952	0.2
8.202	0.1
8.3464	0.2
8.478	0.2
8.776	0.1
9.048	0.2
9.246	0.2
9.4536	0.1
9.6388	0.2
9.7648	0.2
9.8984	0.1
10.0504	0.2
10.1716	0.3
10.3112	0.2
10.4052	0.2
10.4756	0.1
10.6148	0.2
10.7888	0.2
10.9572	0.1
11.1488	0.2
11.3272	0.2
11.4076	0.1
11.552	0.2
11.646	0.2
11.688	0.1
11.7888	0.2
11.914	0.2
12.0152	0.1
12.1352	0.2
12.218	0.2
12.3504	0.1
12.5156	0.2
12.6224	0.2
12.7836	0.1
12.8696	0.2
12.9196	0.2
12.9848	0.1
13.09	0.2
13.1808	0.2
13.3688	0.1
13.5052	0.2
13.5852	0.2
13.6556	0.1
13.7316	0.2
13.7848	0.3
13.8424	0.2
13.896	0.2
13.9324	0.1
13.9888	0.2
14.0556	0.2
14.1084	0.1
14.1328	0.2
14.1696	0.2
14.2072	0.1
14.2868	0.1
14.3168	0.3
14.3388	0.1
14.3936	0.1
14.4708	0.2
14.4972	0.2
14.594	0.1
14.7428	0.2
14.8504	0.1
14.8948	0.1
14.9904	0.1
15.076	0.3
15.1392	0.1
15.19	0.1
15.3412	0.2
15.3588	0.1
15.5104	0.2
15.614	0.2
15.786	0.1
15.8656	0.1
15.9016	0.1
15.98	0.2
16.004	0.1
16.0484	0.2
16.1116	0.2
16.1164	0.1
16.1572	0.1
16.1884	0.1
16.1936	0.2
16.242	0.1
16.2988	0.2
16.3664	0.2
16.3792	0.1
16.38	0.1
16.3984	0.1
16.4068	0.2
16.4124	0.1
16.4184	0.1
16.4204	0.1
16.4288	0.2
16.43	0.1
16.432	0.2
16.4332	0.2
16.434	0.2
16.438	0.1
16.4408	0.2
16.4416	0.1
16.45	0.1
16.4536	0.1
16.4576	0.2
16.46	0.1
16.4612	0.1
16.4676	0.1
16.4712	0.2
16.4808	0.1
16.4832	0.2
16.4832	0.3
16.4832	0.1
16.4868	0.1
16.4924	0.2
16.4976	0.2
16.5	0.1
16.5028	0.2
16.5064	0.1
16.5124	0.1
16.5144	0.1
16.5176	0.2
16.5224	0.1
16.5256	0.1
16.528	0.1
16.5344	0.3
16.54	0.1
16.5432	0.1
16.544	0.3
16.5456	0.1
16.5484	0.1
16.5576	0.2
16.5616	0.2
16.5684	0.1
16.5728	0.2
16.5788	0.1
16.5928	0.1
16.6108	0.1
16.6192	0.2
16.6312	0.1
16.6352	0.1
16.6368	0.1
16.6392	0.2
16.642	0.1
16.6448	0.2
16.6476	0.2
16.6516	0.2
16.6548	0.1
16.6588	0.2
16.662	0.1
16.6636	0.1
16.6644	0.1
16.6644	0.2
16.666	0.1
16.6664	0.1
16.6672	0.1
16.6672	0.2
16.6676	0.1
16.668	0.2
16.6704	0.2
16.6724	0.2
16.6744	0.1
16.6752	0.2
16.6768	0.1
16.68	0.1
16.6856	0.1
16.6876	0.2
16.6888	0.1
16.6896	0.1
16.69	0.1
16.6912	0.2
16.6924	0.1
16.6952	0.2
16.696	0.2
16.696	0.2
16.7	0.1
16.7004	0.2
16.7024	0.1
16.704	0.1
16.7044	0.1
16.7052	0.3
16.7076	0.1
16.7076	0.1
16.708	0.2
16.708	0.1
16.7144	0.2
16.7144	0.2
16.7144	0.1
16.7144	0.1
16.7144	0.1
16.718	0.2
16.7184	0.1
16.72	0.1
16.7232	0.1
16.7244	0.2
16.7256	0.1
16.7272	0.1
16.7272	0.1
16.7384	0.2
16.7612	0.1
16.7616	0.2
16.764	0.2
16.764	0.2
16.764	0.1
16.7664	0.2
16.7668	0.1
16.7668	0.1
16.7684	0.1
16.7684	0.3
16.7688	0.1
16.7688	0.1
16.7688	0.2
16.7688	0.2
16.7688	0.1
16.7688	0.2
16.7688	0.1
16.7688	0.1
16.7688	0.1
16.7692	0.2
16.7696	0.1
16.7696	0.1
16.7704	0.1
16.7708	0.3
16.7708	0.1
16.7728	0.1
16.774	0.2
16.7748	0.2
16.7748	0.1
16.7756	0.2
16.776	0.1
16.7776	0.1
16.7776	0.1
16.778	0.3
16.778	0.1
16.778	0.1
16.778	0.2
16.7796	0.1
16.7796	0.2
16.7796	0.2
16.7796	0.1
16.7796	0.1
16.7796	0.1
16.7796	0.2
16.7796	0.1
16.78	0.2
16.78	0.2
16.7808	0.1
16.7812	0.1
16.7816	0.1
16.7816	0.3
16.7816	0.1
16.7816	0.1
16.782	0.2
16.782	0.1
16.7828	0.2
16.7828	0.2
16.7828	0.1
16.7832	0.1
16.7832	0.1
16.784	0.2
16.7848	0.1
16.7848	0.1
16.7852	0.1
16.7856	0.2
16.7864	0.1
16.7876	0.1
16.7876	0.1
16.7876	0.2
16.7876	0.1
16.7876	0.2
16.7876	0.3
16.7876	0.1
16.7876	0.1
16.788	0.2
16.7884	0.1
16.7884	0.2
16.7884	0.2
16.7884	0.2
16.7892	0.1
16.79	0.2
16.794	0.2
16.7956	0.1
16.7984	0.2
16.7984	0.3
16.8008	0.2
16.8008	0.2
16.8008	0.1
16.8016	0.2
16.804	0.2
16.8044	0.1
16.8052	0.2
16.8064	0.2
16.8072	0.1
16.8072	0.2
16.8072	0.2
16.8072	0.1
16.8072	0.2
16.8072	0.2
16.8072	0.1
16.8072	0.2
16.8072	0.2
16.808	0.1
16.81	0.2
16.8112	0.2
16.8144	0.1
16.8172	0.2
16.8204	0.2
16.8208	0.1
16.8216	0.2
16.8316	0.3
16.832	0.2
16.832	0.2
16.832	0.1
16.832	0.2
16.832	0.2
16.832	0.1
16.8328	0.2
16.8332	0.2
16.8332	0.1
16.8332	0.2
16.8332	0.2
16.8332	0.1
16.8332	0.2
16.8332	0.2
16.8332	0.1
16.8336	0.2
16.8336	0.2
16.834	0.1
16.834	0.2
16.8348	0.2
16.836	0.1
16.8368	0.2
16.8372	0.3
16.8376	0.2
16.838	0.2
16.838	0.1
16.8388	0.2
16.8412	0.2
16.8428	0.1
16.8452	0.2
16.85	0.2
16.8544	0.1
16.856	0.2
16.858	0.2
16.8628	0.1
16.8652	0.2
16.8668	0.2
16.8676	0.1
16.8684	0.2
16.8684	0.2
16.8684	0.1
16.8688	0.2
16.8692	0.2
16.8692	0.1
16.8692	0.2
16.8692	0.2
16.8696	0.1
16.8696	0.2
16.8708	0.2
16.8708	0.1
16.8708	0.2
16.872	0.3
16.8724	0.2
16.8724	0.2
16.8724	0.1
16.8724	0.2
16.8724	0.2
16.8724	0.1
16.8724	0.2
16.8724	0.2
16.8724	0.1
16.8724	0.2
16.8724	0.2
16.8728	0.1
16.8732	0.2
16.8732	0.2
16.8732	0.1
16.8752	0.2
16.8812	0.2
16.8832	0.1
16.8832	0.2
16.8832	0.3
16.8832	0.2
16.8832	0.2
16.8832	0.1
16.8836	0.2
16.884	0.2
16.884	0.1
16.884	0.2
16.884	0.2
16.884	0.1
16.8844	0.2
16.8856	0.2
16.8856	0.1
16.8856	0.2
16.8868	0.2
16.8868	0.1
16.8868	0.2
16.888	0.2
16.888	0.1
16.892	0.2
16.894	0.2
16.8964	0.1
16.898	0.2
16.9064	0.3
16.9064	0.2
16.9064	0.2
16.9068	0.1
16.9068	0.2
16.9072	0.2
16.9072	0.1
16.9072	0.2
16.9072	0.2
16.9072	0.1
16.9076	0.2
16.9076	0.2
16.9076	0.1
16.9076	0.2
16.908	0.2
16.908	0.1
16.908	0.2
16.908	0.2
16.9084	0.1
16.9084	0.2
16.9108	0.2
16.9144	0.1
16.9168	0.2
16.9184	0.3
16.9188	0.2
16.9188	0.2
16.9188	0.1
16.9188	0.2
16.9188	0.2
16.9188	0.1
16.9188	0.2
16.9192	0.2
16.9192	0.1
16.92	0.2
16.92	0.2
16.92	0.1
16.92	0.2
16.92	0.2
16.92	0.1
16.92	0.2
16.92	0.2
16.92	0.1
16.92	0.2
16.92	0.2
16.922	0.1
16.9236	0.2
16.926	0.3
16.9272	0.2
16.9272	0.2
16.9276	0.1
16.9276	0.2
16.9276	0.2
16.928	0.1
16.928	0.2
16.928	0.2
16.928	0.1
16.928	0.2
16.928	0.2
16.928	0.1
16.928	0.2
16.9284	0.2
16.9288	0.1
16.9288	0.2
16.9288	0.2
16.9292	0.1
16.9292	0.2
16.9308	0.3
16.9308	0.2
16.9332	0.2
16.9356	0.1
16.9364	0.2
16.9368	0.2
16.9368	0.1
16.9368	0.2
16.9368	0.2
16.9368	0.1
16.9368	0.2
16.9368	0.2
16.9368	0.1
16.9372	0.2
16.938	0.2
16.938	0.1
16.942	0.2
16.942	0.2
16.9444	0.1
16.9444	0.2
16.954	0.2
16.9544	0.1
16.9544	0.2
16.9544	0.2
16.9544	0.1
16.9552	0.2
16.9552	0.2
16.9552	0.1
16.9556	0.2
16.9576	0.3
16.9584	0.2
16.9584	0.2
16.9584	0.1
16.9616	0.2
16.9632	0.2
16.9632	0.1
16.9636	0.2
16.9636	0.2
16.9636	0.1
16.9636	0.2
16.9636	0.2
16.9636	0.1
16.9636	0.2
16.9636	0.2
16.9636	0.1
16.9636	0.2
16.9644	0.2
16.9644	0.1
16.9644	0.2
16.9648	0.2
16.9648	0.1
16.9648	0.2
16.9648	0.3
16.9648	0.2
16.966	0.2
16.966	0.1
16.966	0.2
16.966	0.2
16.966	0.1
16.9668	0.2
16.9696	0.2
16.9744	0.1
16.9744	0.2
16.9744	0.2
16.9744	0.1
16.9744	0.2
16.9744	0.2
16.9748	0.1
16.9748	0.2
16.9756	0.2
16.9756	0.1
16.9756	0.2
16.9756	0.2
16.9756	0.1
16.9788	0.2
16.98	0.3
16.9836	0.2
16.9836	0.2
16.9836	0.1
16.9836	0.2
16.984	0.2
16.9848	0.1
16.9848	0.2
16.9848	0.2
16.9856	0.1
16.9856	0.2
16.986	0.2
16.9868	0.1
16.9868	0.2
16.9872	0.2
16.9872	0.1
16.9872	0.2
16.9872	0.2
16.9876	0.1
16.9876	0.2
17.0108	0.3
17.0108	0.2
17.0108	0.2
17.0108	0.1
17.0108	0.2
17.0108	0.2
17.0112	0.1
17.0112	0.2
17.0168	0.2
17.0168	0.1
17.0168	0.2
17.0168	0.2
17.0168	0.1
17.0172	0.2
17.0172	0.2
17.0172	0.1
17.0172	0.2
17.0172	0.2
17.0172	0.1
17.0172	0.2
17.0172	0.3
17.0172	0.2
17.0172	0.2
17.0172	0.1
17.0172	0.2
17.0172	0.2
17.0172	0.1
17.0172	0.2
17.0172	0.2
17.0176	0.1
17.018	0.2
17.018	0.2
17.018	0.1
17.018	0.2
17.018	0.2
17.018	0.1
17.018	0.2
17.018	0.2
17.018	0.1
17.018	0.2
17.018	0.2
17.018	0.1
17.018	0.2
17.018	0.2
17.018	0.1
17.018	0.2
17.018	0.2
17.018	0.1
17.018	0.2
17.018	0.2
17.018	0.1
17.018	0.2
17.018	0.2
17.018	0.1
17.018	0.2
17.018	0.3
17.018	0.2
17.018	0.2
17.018	0.1
17.018	0.2
17.018	0.2
17.018	0.1
17.018	0.2
17.018	0.2
17.018	0.1
17.018	0.2
17.018	0.2
17.018	0.1
17.018	0.2
17.018	0.2
17.0184	0.1
17.0184	0.2
17.0184	0.2
17.0184	0.1
17.0184	0.2
17.0184	0.2
17.0184	0.1
17.0184	0.2
17.0184	0.2
17.0184	0.2
17.0184	0.2
17.0184	0.3
17.0184	0.2
17.0184	0.2
17.0184	0.1
17.0184	0.2
17.0188	0.2
17.0188	0.1
17.0188	0.2
17.0192	0.2
17.0192	0.1
17.0192	0.2
17.0192	0.2
17.0192	0.1
17.0192	0.2
17.0192	0.2
17.0192	0.1
17.0192	0.2
17.0192	0.2
17.0192	0.1
17.0192	0.2
17.0192	0.2
17.0192	0.1
17.0192	0.2
17.0192	0.2
17.0192	0.1
17.0192	0.2
17.0192	0.3
17.0192	0.2
17.0192	0.2
17.0196	0.1
17.0196	0.2
17.0196	0.2
17.0196	0.1
17.0196	0.2
17.0196	0.2
17.0196	0.1
17.0196	0.2
17.0196	0.2
17.0196	0.1
17.0196	0.2
17.0196	0.2
17.0196	0.1
17.0196	0.2
17.0196	0.2
17.0196	0.1
17.0196	0.2
17.0196	0.2
17.0196	0.1
17.0196	0.2
17.0196	0.2
17.0196	0.1
17.0196	0.2
17.0196	0.2
17.0196	0.1
17.0196	0.2
17.0196	0.2
17.0196	0.1
17.0196	0.2
17.0196	0.3
17.0196	0.2
17.0196	0.2
17.0196	0.1
17.0196	0.2
17.0196	0.2
17.0196	0.1
17.0196	0.2
17.0196	0.2
17.0196	0.1
17.0196	0.2
17.0196	0.2
17.0196	0.1
17.0196	0.2
17.0196	0.2
17.0196	0.1
17.0196	0.2
17.0196	0.2
17.0196	0.1
17.0196	0.2
17.0196	0.3
17.0196	0.2
17.0196	0.2
17.0196	0.1
17.02	0.2
17.02	0.2
17.02	0.1
17.02	0.2
17.02	0.2
17.02	0.1
17.02	0.2
17.02	0.2
17.02	0.1
17.02	0.2
17.02	0.2
17.02	0.1
17.02	0.2
17.02	0.2
17.02	0.1
17.02	0.2
17.02	0.2
17.02	0.1
17.02	0.2
17.02	0.3
17.02	0.2
17.02	0.2
17.02	0.1
17.02	0.2
17.02	0.2
17.02	0.1
17.02	0.2
17.02	0.2
17.02	0.1
17.02	0.2
17.02	0.2
17.02	0.1
17.02	0.2
17.02	0.2
17.02	0.1
17.02	0.2
17.02	0.2
17.02	0.1
17.02	0.2
17.02	0.2
17.02	0.1
17.02	0.2
17.02	0.3
17.02	0.2
17.02	0.2
17.02	0.1
17.02	0.2
17.02	0.2
17.02	0.1
17.02	0.2
17.02	0.2
17.02	0.1
17.0204	0.2
17.0204	0.2
17.0204	0.1
17.0204	0.2
17.0204	0.2
17.0204	0.1
17.0204	0.2
17.0204	0.2
17.0204	0.1
17.0204	0.2
17.0204	0.2
17.0204	0.1
17.0204	0.2
17.0204	0.2
17.0204	0.1
17.0204	0.2
17.0204	0.2
17.0204	0.1
17.0204	0.2
17.0204	0.2
17.0204	0.1
17.0204	0.2
17.0204	0.3
17.0204	0.2
17.0204	0.2
17.0204	0.1
17.0204	0.2
17.0204	0.2
17.0208	0.1
17.0208	0.2
17.0208	0.2
17.0208	0.1
17.0208	0.2
17.0208	0.2
17.0208	0.1
17.0208	0.2
17.0208	0.2
17.0208	0.1
17.0208	0.2
17.0208	0.2
17.0208	0.1
17.0208	0.2
17.0208	0.3
17.0212	0.2
17.0212	0.2
17.0212	0.1
17.0212	0.2
17.0212	0.2
17.0212	0.1
17.0212	0.2
17.0212	0.2
17.0212	0.1
17.0212	0.2
17.0212	0.2
17.0212	0.1
17.0212	0.2
17.0212	0.2
17.0212	0.1
17.0212	0.2
17.0212	0.2
17.0212	0.1
17.0212	0.2
17.0212	0.3
17.0212	0.2
17.0212	0.2
17.0212	0.1
17.0212	0.2
17.0216	0.2
17.0216	0.1
17.0216	0.2
17.0216	0.2
17.0216	0.1
17.0216	0.2
17.0216	0.2
17.0224	0.1
17.0224	0.2
17.0224	0.2
