Created robot #0
  Memory locations:
	Port:	6665
	Client:		0x150f880
	Pos2dProxy:	0x1514ca0
	Ranger:		0x1514f80
Created robot #1
  Memory locations:
	Port:	6666
	Client:		0x1515300
	Pos2dProxy:	0x1513620
	Ranger:		0x1513900
Press any key to begin, and q to stop.
Explored (%)	Simulation Timestep (s)
0	23
3.1928	0.1
4.4276	0.2
5.2784	0.2
5.718	0.1
5.9936	0.2
6.178	0.2
6.3604	0.1
6.49	0.2
6.7064	0.3
6.9312	0.2
7.1048	0.2
7.2912	0.1
7.4416	0.2
7.53	0.3
7.666	0.2
7.8704	0.2
7.9924	0.1
8.2192	0.2
8.3632	0.2
8.4492	0.1
8.6428	0.2
8.8484	0.3
8.96	0.2
9.1568	0.2
9.3536	0.1
9.544	0.2
9.742	0.3
9.806	0.2
9.9652	0.2
10.1944	0.1
10.3648	0.2
10.606	0.3
10.8	0.2
11.106	0.2
11.416	0.1
11.6844	0.2
12.0548	0.2
12.4004	0.1
12.6084	0.2
12.7172	0.3
13.0172	0.2
13.2868	0.2
13.5352	0.1
13.6508	0.2
13.7784	0.3
13.988	0.2
14.2268	0.2
14.3364	0.2
14.564	0.2
14.7912	0.2
15.0004	0.1
15.1628	0.3
15.27	0.2
15.4932	0.2
15.6932	0.2
15.8304	0.1
15.9776	0.3
16.0504	0.2
16.2164	0.2
16.4428	0.2
16.6804	0.1
16.83	0.3
16.9028	0.2
17.014	0.2
17.1212	0.2
17.2444	0.1
17.422	0.3
17.6428	0.2
17.8084	0.2
17.9636	0.2
18.2096	0.1
18.33	0.3
18.4	0.2
18.5144	0.2
18.6636	0.2
18.7828	0.1
18.9392	0.2
19.0948	0.1
19.3464	0.2
19.552	0.2
19.6344	0.2
19.8004	0.1
19.9852	0.3
20.18	0.2
20.422	0.2
20.5776	0.2
20.816	0.1
21.0508	0.3
21.2208	0.2
21.4608	0.2
21.6372	0.2
21.814	0.1
22.0116	0.3
22.194	0.2
22.4892	0.2
22.7004	0.2
22.9416	0.1
23.1032	0.3
23.3156	0.2
23.468	0.2
23.6884	0.2
23.9672	0.1
24.1696	0.3
24.5036	0.2
24.9332	0.2
25.2976	0.2
25.5344	0.1
25.876	0.3
26.1332	0.2
26.414	0.2
26.7084	0.2
26.9372	0.1
27.2256	0.2
27.456	0.2
27.5772	0.1
27.8312	0.2
28.1028	0.2
28.3272	0.1
28.5232	0.3
28.8124	0.2
29.0856	0.3
29.3084	0.2
29.6416	0.2
29.8848	0.2
30.078	0.1
30.3452	0.3
30.568	0.2
30.8512	0.2
31.2152	0.1
31.6268	0.1
32.0404	0.1
32.3676	0.2
32.6792	0.2
32.8812	0.1
33.18	0.3
33.482	0.2
33.8256	0.2
34.136	0.2
34.4964	0.1
34.8088	0.2
35.0716	0.2
35.1924	0.1
35.5264	0.2
35.9044	0.2
36.1768	0.1
36.4184	0.3
36.646	0.2
36.8604	0.2
37.0492	0.2
37.3184	0.1
37.5972	0.2
37.8556	0.2
38.2652	0.1
38.4972	0.3
38.8808	0.2
39.1304	0.2
39.4376	0.2
39.7852	0.1
39.994	0.3
40.2424	0.2
40.5476	0.3
40.8932	0.2
41.0588	0.2
41.3028	0.1
41.6236	0.2
41.9272	0.2
42.2056	0.1
42.4092	0.1
42.6132	0.1
42.8772	0.3
43.1452	0.2
43.4536	0.3
43.8024	0.2
44.1376	0.2
44.2732	0.1
44.5	0.2
44.66	0.2
44.8292	0.1
45.0984	0.1
45.3748	0.1
45.7056	0.3
45.9156	0.2
46.1356	0.3
46.416	0.2
46.7568	0.2
47.142	0.1
47.3404	0.2
47.5492	0.2
47.8224	0.1
48.0412	0.1
48.222	0.1
48.4116	0.3
48.5192	0.2
48.7424	0.3
48.9296	0.2
49.09	0.2
49.1872	0.1
49.3344	0.2
49.4756	0.2
49.5888	0.1
49.716	0.1
49.8288	0.1
49.9024	0.3
50.004	0.2
50.0888	0.3
50.2028	0.2
50.3672	0.2
50.4768	0.1
50.6104	0.2
50.7344	0.2
50.7972	0.1
50.8256	0.1
50.8572	0.1
50.9068	0.3
50.9744	0.2
51.0712	0.3
51.1836	0.2
51.2536	0.2
51.316	0.2
51.3588	0.1
51.474	0.2
51.5916	0.2
51.6856	0.1
51.9152	0.2
52.142	0.2
52.2952	0.1
52.4408	0.2
52.5612	0.2
52.6488	0.1
52.7312	0.2
52.8284	0.2
52.9092	0.1
53.0376	0.2
53.172	0.3
53.3016	0.2
53.4096	0.2
53.6716	0.1
53.8096	0.2
53.9932	0.3
54.1096	0.2
54.1892	0.2
54.2964	0.1
54.4452	0.2
54.5752	0.3
54.7304	0.2
54.8676	0.2
54.9956	0.1
55.0888	0.2
55.1776	0.3
55.3444	0.2
55.4764	0.2
55.5492	0.1
55.6228	0.2
55.6992	0.3
55.774	0.2
55.8544	0.2
55.9384	0.1
56.0504	0.2
56.1492	0.3
56.2452	0.2
56.3564	0.2
56.4564	0.1
56.568	0.2
56.694	0.3
56.7356	0.2
56.8584	0.2
56.9832	0.1
57.1444	0.2
57.2908	0.3
57.448	0.2
57.56	0.2
57.6572	0.1
57.8364	0.2
57.9092	0.3
58.1508	0.2
58.3596	0.2
58.4912	0.1
58.6484	0.2
58.7444	0.3
58.796	0.2
58.9084	0.2
58.95	0.1
59.06	0.2
59.1604	0.3
59.2924	0.2
59.3788	0.2
59.4812	0.1
59.554	0.2
59.6248	0.3
59.734	0.2
59.862	0.3
60.0076	0.2
60.0548	0.2
60.0884	0.1
60.1448	0.2
60.1952	0.3
60.2628	0.2
60.3292	0.2
60.3396	0.1
60.3784	0.2
60.4208	0.3
60.4412	0.2
60.4452	0.2
60.4652	0.1
60.5272	0.2
60.5628	0.3
60.5704	0.2
60.578	0.2
60.6368	0.1
60.6504	0.2
60.6604	0.3
60.6616	0.2
60.6744	0.2
60.768	0.1
60.8456	0.2
60.8844	0.3
60.8916	0.2
60.9064	0.2
60.9152	0.1
60.9772	0.2
60.9792	0.3
60.9804	0.2
60.982	0.2
60.9924	0.1
61.0072	0.2
61.0084	0.3
61.0092	0.2
61.0104	0.2
61.0224	0.1
61.0544	0.2
61.0748	0.2
61.0868	0.1
61.0976	0.2
61.1148	0.2
61.1516	0.1
61.2128	0.2
61.2652	0.3
61.2956	0.2
61.3	0.2
61.396	0.1
61.4324	0.2
61.4464	0.2
61.4472	0.1
61.4652	0.2
61.4676	0.2
61.4772	0.1
61.4836	0.2
61.4836	0.3
61.4848	0.2
61.4944	0.2
61.4992	0.1
61.5008	0.2
61.5128	0.3
61.5164	0.2
61.5184	0.2
61.5252	0.1
61.544	0.2
61.5504	0.3
61.5688	0.2
61.588	0.2
61.6308	0.1
61.656	0.2
61.6976	0.3
61.7524	0.2
61.8008	0.2
61.8088	0.1
61.8192	0.2
61.8376	0.2
61.84	0.1
61.8472	0.2
61.8476	0.2
61.8624	0.1
61.8624	0.2
61.8632	0.2
61.8756	0.1
61.8756	0.2
61.8856	0.3
61.8912	0.2
61.9	0.2
61.9032	0.1
61.9584	0.2
61.9584	0.3
61.9584	0.2
61.9584	0.2
61.9612	0.1
61.9612	0.2
61.9612	0.3
61.9628	0.2
61.9656	0.2
61.9692	0.1
61.9696	0.2
61.9696	0.3
61.974	0.2
61.9748	0.2
61.9776	0.1
61.9776	0.2
61.9776	0.3
61.9776	0.2
61.978	0.2
61.978	0.1
61.978	0.2
61.9792	0.3
61.98	0.2
61.988	0.2
61.9916	0.1
61.9916	0.2
61.9964	0.3
62.0052	0.2
62.0072	0.2
62.0096	0.1
62.01	0.2
62.0144	0.3
62.0232	0.2
62.028	0.2
62.036	0.1
62.036	0.2
62.042	0.3
62.0436	0.2
62.0792	0.2
62.1124	0.1
62.1124	0.2
62.1316	0.2
62.15	0.1
62.2092	0.2
62.2196	0.2
62.2252	0.1
62.2268	0.2
62.2272	0.3
62.2444	0.2
62.2444	0.2
62.2584	0.1
62.2808	0.2
62.2816	0.3
62.294	0.2
62.2944	0.2
62.298	0.1
62.298	0.2
62.298	0.3
62.304	0.2
62.3056	0.2
62.3076	0.1
62.3076	0.2
62.3088	0.3
62.3116	0.2
62.3128	0.2
62.3716	0.1
62.3992	0.2
62.3992	0.3
62.408	0.2
62.444	0.2
62.4868	0.1
62.4932	0.2
62.4952	0.3
62.536	0.2
62.5568	0.2
62.5664	0.1
62.5688	0.2
62.5696	0.3
62.5704	0.2
62.5704	0.2
62.5708	0.1
62.5708	0.2
62.5708	0.3
62.5716	0.2
62.5756	0.3
62.5792	0.2
62.5832	0.2
62.5832	0.1
62.5832	0.2
62.5836	0.3
62.5836	0.2
62.5836	0.2
62.5836	0.1
62.5836	0.2
62.5836	0.3
62.5888	0.2
62.5888	0.2
62.5936	0.1
62.5956	0.2
62.598	0.2
62.5984	0.1
62.6	0.2
62.6052	0.2
62.6072	0.1
62.6116	0.2
62.6116	0.3
62.6116	0.2
62.6116	0.2
62.6116	0.1
62.6116	0.2
62.6116	0.3
62.6116	0.2
62.6136	0.2
62.6136	0.1
62.6276	0.2
62.6352	0.2
62.6416	0.1
62.6628	0.2
62.6904	0.3
62.7004	0.2
62.7052	0.2
62.7124	0.1
62.7344	0.2
62.7356	0.3
62.7408	0.2
62.7584	0.2
62.7752	0.1
62.7768	0.2
62.7768	0.3
62.7788	0.2
62.83	0.2
62.8608	0.1
62.9012	0.2
62.9464	0.2
62.9528	0.1
62.9584	0.2
62.9664	0.2
62.974	0.1
62.9748	0.2
62.9748	0.3
62.9748	0.2
62.9888	0.2
62.9944	0.1
62.9996	0.2
63.0116	0.2
63.012	0.1
63.0324	0.2
63.0576	0.3
63.0692	0.2
63.0812	0.2
63.0816	0.1
63.1092	0.2
63.1092	0.3
63.1236	0.2
63.1244	0.2
63.1332	0.1
63.154	0.2
63.1548	0.3
63.156	0.2
63.1568	0.2
63.1568	0.1
63.158	0.2
63.16	0.3
63.1608	0.2
63.1608	0.2
63.1612	0.2
63.1644	0.2
63.1716	0.2
63.1744	0.1
63.2104	0.2
63.2124	0.3
63.2124	0.2
63.2148	0.2
63.218	0.1
63.218	0.2
63.218	0.3
63.218	0.2
63.2184	0.2
63.2196	0.1
63.2208	0.2
63.2208	0.3
63.2208	0.2
63.2208	0.2
63.2208	0.1
63.2208	0.2
63.2208	0.3
63.2208	0.2
63.2208	0.2
63.2208	0.1
63.2208	0.2
63.2208	0.3
63.2208	0.2
63.2208	0.2
63.2208	0.1
63.2208	0.2
63.2208	0.3
63.2208	0.2
63.2208	0.2
63.2208	0.1
63.2208	0.2
63.2208	0.3
63.2208	0.2
63.2208	0.2
63.2208	0.1
63.2208	0.2
63.2208	0.3
63.2208	0.2
63.2212	0.2
63.2212	0.1
63.2212	0.2
63.2292	0.3
63.2352	0.2
63.2352	0.2
63.2352	0.1
63.2352	0.2
63.2536	0.3
63.2704	0.2
63.2792	0.2
63.2796	0.1
63.28	0.2
63.2832	0.3
63.3248	0.2
63.3252	0.2
63.3252	0.1
63.3252	0.2
63.3276	0.3
63.3276	0.2
63.3292	0.2
63.3292	0.1
63.3292	0.2
63.3292	0.3
63.3292	0.2
63.3292	0.2
63.3292	0.1
63.3336	0.2
63.3436	0.3
63.3436	0.2
63.3436	0.2
63.3436	0.1
63.3436	0.2
63.3468	0.3
63.3468	0.2
63.3468	0.2
63.3468	0.1
63.3468	0.2
63.3556	0.3
63.356	0.2
63.356	0.2
63.356	0.1
63.356	0.2
63.356	0.3
63.3572	0.2
63.3572	0.2
63.3572	0.1
63.3572	0.2
63.4036	0.3
63.4036	0.2
63.4036	0.2
63.4036	0.1
63.4236	0.2
63.4236	0.3
63.4236	0.2
63.4236	0.2
63.424	0.1
63.4316	0.2
63.4316	0.3
63.4316	0.2
63.4316	0.2
63.4348	0.1
63.4776	0.2
63.4776	0.3
63.4776	0.2
63.4776	0.2
63.4776	0.1
63.4776	0.2
63.4776	0.3
63.4776	0.2
63.4776	0.2
63.4852	0.1
63.4852	0.2
63.5116	0.3
63.5116	0.2
63.5116	0.2
63.5116	0.1
63.5116	0.2
63.5168	0.3
63.5168	0.2
63.5168	0.2
63.5276	0.1
63.5276	0.2
63.5308	0.3
63.5308	0.2
63.5308	0.2
63.5308	0.1
63.5308	0.2
63.5308	0.3
63.5308	0.2
63.5332	0.2
63.546	0.1
63.546	0.2
63.5476	0.2
63.5872	0.1
63.604	0.2
63.604	0.3
63.604	0.2
63.6044	0.2
63.6044	0.1
63.6044	0.2
63.6048	0.2
63.6092	0.1
63.6116	0.2
63.6116	0.3
63.6116	0.2
63.6144	0.2
63.6196	0.1
63.6312	0.2
63.6312	0.3
63.6312	0.2
63.6312	0.2
63.6312	0.1
63.634	0.2
63.6344	0.3
63.6344	0.2
63.6384	0.2
63.6408	0.1
63.6456	0.2
63.6668	0.3
63.6844	0.2
63.6964	0.2
63.7308	0.1
63.7756	0.2
63.8056	0.3
63.8316	0.2
63.8516	0.2
63.9176	0.1
63.9604	0.2
64.006	0.3
64.034	0.2
64.0916	0.2
64.1168	0.1
64.1416	0.2
64.2048	0.2
64.292	0.1
64.374	0.2
64.4512	0.3
64.5748	0.2
64.6404	0.2
64.7076	0.1
64.7784	0.2
64.8208	0.3
64.8772	0.2
64.968	0.2
64.9788	0.1
65.0388	0.2
65.1348	0.2
65.164	0.1
65.2164	0.2
65.2468	0.3
65.3052	0.2
65.3816	0.2
65.4464	0.1
65.5096	0.2
65.5664	0.3
65.6056	0.2
65.6528	0.2
65.7308	0.1
65.812	0.2
65.8596	0.3
65.9388	0.2
66.018	0.2
66.0576	0.1
66.0996	0.2
66.1404	0.2
66.158	0.1
66.2196	0.2
66.3412	0.3
66.3772	0.2
66.4136	0.2
66.4384	0.1
66.578	0.2
66.738	0.2
66.826	0.1
66.9956	0.2
67.082	0.3
67.1592	0.2
67.2836	0.2
67.4288	0.1
67.4932	0.2
67.5632	0.2
67.6488	0.1
67.7064	0.2
67.8528	0.3
67.9608	0.2
68.0656	0.2
68.096	0.1
68.2464	0.2
68.3576	0.3
68.5192	0.2
68.6872	0.2
68.7236	0.1
68.8368	0.2
68.9772	0.3
69.1144	0.2
69.2428	0.2
69.286	0.1
69.4132	0.2
69.6132	0.3
69.684	0.2
69.9176	0.2
70.0352	0.1
70.2852	0.2
70.5116	0.3
70.6032	0.2
70.7004	0.2
70.7788	0.1
71.0052	0.2
71.2748	0.3
71.4532	0.2
71.6604	0.2
71.7876	0.1
72.0052	0.2
72.2608	0.2
72.498	0.1
72.7628	0.2
72.9112	0.2
72.9972	0.1
73.208	0.2
73.4916	0.3
73.686	0.2
73.884	0.2
74.0068	0.1
74.2364	0.2
74.4804	0.3
74.6724	0.2
74.8864	0.2
75.074	0.1
75.382	0.2
75.5604	0.3
75.7576	0.2
76.0568	0.2
76.1344	0.1
76.3904	0.2
76.5424	0.3
76.76	0.2
76.93	0.2
77.0616	0.1
77.2648	0.2
77.434	0.3
77.5696	0.2
77.7448	0.2
77.8672	0.1
78.0816	0.2
78.2776	0.3
78.4312	0.2
78.5512	0.2
78.6796	0.1
78.878	0.2
79.038	0.3
79.156	0.2
79.2668	0.2
79.4008	0.1
79.53	0.2
79.5952	0.3
79.6784	0.2
79.7248	0.2
79.8164	0.1
79.8564	0.2
79.9672	0.3
80.0376	0.2
80.0956	0.2
80.1592	0.1
80.2368	0.2
80.332	0.3
80.38	0.2
80.4212	0.2
80.4432	0.1
80.4692	0.2
80.4844	0.3
80.5168	0.2
80.5544	0.2
80.5552	0.1
80.5752	0.2
80.5828	0.3
80.5944	0.2
80.5972	0.2
80.6012	0.1
80.6048	0.2
80.6068	0.3
80.608	0.2
80.6084	0.2
80.6136	0.1
80.626	0.2
80.636	0.3
80.6456	0.2
80.646	0.3
80.646	0.2
80.6464	0.2
80.6464	0.1
80.6464	0.2
80.6464	0.3
80.6464	0.2
80.6464	0.2
80.6464	0.1
80.6468	0.2
80.6468	0.2
80.6468	0.1
80.6472	0.2
80.6472	0.3
80.6596	0.2
80.6644	0.2
80.6688	0.1
80.6692	0.2
80.6708	0.3
80.6796	0.2
80.6796	0.2
80.6796	0.1
80.6804	0.2
80.6872	0.3
80.7056	0.2
80.73	0.2
80.7372	0.1
80.7552	0.2
80.7632	0.2
80.7692	0.1
80.7792	0.2
80.7932	0.2
80.8168	0.1
80.8972	0.2
80.97	0.2
80.9924	0.1
81.0384	0.2
81.088	0.3
81.094	0.2
81.1088	0.2
81.1204	0.1
81.1496	0.2
81.194	0.3
81.2196	0.2
81.2388	0.2
81.2448	0.1
81.2568	0.2
81.2792	0.3
81.2792	0.2
81.2792	0.2
81.2796	0.1
81.2804	0.2
81.2804	0.3
81.2804	0.2
81.2804	0.2
81.2824	0.1
81.2824	0.2
81.2964	0.2
81.3156	0.1
81.3248	0.2
81.3248	0.3
81.3256	0.2
81.3388	0.2
81.3768	0.1
81.378	0.2
81.3788	0.3
81.4196	0.2
81.42	0.2
81.4656	0.1
81.4788	0.2
81.4788	0.3
81.4788	0.2
81.4788	0.2
81.4788	0.1
81.4788	0.2
81.4788	0.2
81.488	0.1
81.4996	0.2
81.5348	0.3
81.5512	0.2
81.5512	0.2
81.5712	0.1
81.5932	0.2
81.5932	0.3
81.5932	0.2
81.6052	0.2
81.6332	0.1
81.6332	0.2
81.6332	0.3
81.6332	0.2
81.6332	0.2
81.634	0.1
81.634	0.2
81.6572	0.3
81.6572	0.2
81.7044	0.2
81.7044	0.1
81.7044	0.2
81.7044	0.3
81.7044	0.2
81.7044	0.2
81.7044	0.1
81.7044	0.2
81.7044	0.3
81.7044	0.2
81.7044	0.2
81.7044	0.1
81.7044	0.2
81.7044	0.3
81.7044	0.2
81.7044	0.2
81.7044	0.1
81.7044	0.2
81.7048	0.3
81.7052	0.2
81.7052	0.2
81.7052	0.1
81.7052	0.2
81.7076	0.3
81.7076	0.2
81.7076	0.2
81.7076	0.1
81.7076	0.2
81.7076	0.3
81.718	0.2
81.7188	0.2
81.7188	0.1
81.7244	0.2
81.7248	0.3
81.7292	0.2
81.75	0.2
81.7628	0.1
81.7628	0.2
81.7628	0.3
81.766	0.2
81.7676	0.2
81.7676	0.1
81.7676	0.2
81.78	0.3
81.788	0.2
81.7992	0.2
81.8016	0.1
81.8052	0.2
81.8064	0.3
81.8088	0.2
81.8128	0.2
81.8144	0.1
81.8144	0.2
81.8152	0.3
81.8152	0.2
81.8152	0.2
81.8156	0.1
81.8156	0.2
81.8164	0.3
81.8168	0.2
81.8168	0.2
81.8172	0.1
81.8172	0.2
81.822	0.3
81.824	0.2
81.826	0.2
81.826	0.1
81.826	0.2
81.8376	0.3
81.8376	0.2
81.8392	0.2
81.8396	0.1
81.8396	0.2
81.8396	0.3
81.8396	0.2
81.8396	0.2
81.8396	0.1
81.8396	0.2
81.8536	0.3
81.8964	0.2
81.928	0.2
81.928	0.1
81.9288	0.2
81.9288	0.2
81.9288	0.1
81.9328	0.2
81.9416	0.3
81.9536	0.2
81.9608	0.2
81.964	0.1
81.9648	0.2
81.9648	0.3
81.9648	0.2
81.9648	0.2
81.9648	0.1
81.9648	0.2
81.9648	0.3
81.9832	0.2
82.0028	0.2
82.0128	0.1
82.0232	0.2
82.0328	0.2
82.0392	0.1
82.0392	0.2
82.0392	0.2
82.0392	0.1
82.0408	0.2
82.0564	0.3
82.0628	0.2
82.064	0.2
82.064	0.1
82.064	0.2
82.064	0.3
82.064	0.2
82.064	0.2
82.08	0.1
82.082	0.2
82.082	0.3
82.082	0.2
82.082	0.2
82.082	0.1
82.082	0.2
82.082	0.3
82.082	0.2
82.082	0.2
82.082	0.1
82.082	0.2
82.082	0.3
82.082	0.2
82.082	0.2
82.082	0.1
82.082	0.2
82.082	0.3
82.082	0.2
82.082	0.2
82.082	0.1
82.082	0.2
82.082	0.3
82.082	0.2
82.082	0.2
82.0824	0.1
82.0824	0.2
82.0824	0.3
82.0824	0.2
82.0824	0.2
82.0824	0.1
82.0824	0.2
82.0824	0.3
82.0824	0.2
82.0824	0.2
82.0824	0.1
82.0824	0.2
82.0824	0.3
82.0824	0.2
82.0824	0.2
82.0824	0.1
82.0884	0.2
82.0884	0.3
82.0884	0.2
82.0884	0.2
82.0932	0.1
82.1004	0.2
82.1012	0.3
82.1012	0.2
82.1012	0.2
82.1028	0.1
82.106	0.2
82.1076	0.2
82.1104	0.1
82.1128	0.2
82.1128	0.3
82.1128	0.2
82.1128	0.2
82.1128	0.1
82.1128	0.2
82.1132	0.3
82.1132	0.2
82.1132	0.2
82.1132	0.1
82.1132	0.2
82.1132	0.2
82.1132	0.1
82.1132	0.2
82.1132	0.3
82.1132	0.2
82.1132	0.2
82.1132	0.1
82.1132	0.2
82.1132	0.3
82.1132	0.2
82.1132	0.2
82.1132	0.1
82.1132	0.2
82.1132	0.3
82.1132	0.2
82.1132	0.2
82.1132	0.1
82.1132	0.2
82.1132	0.3
82.1132	0.2
82.1132	0.2
82.1132	0.1
82.1132	0.2
82.1132	0.2
82.1132	0.1
82.1132	0.2
82.1132	0.2
82.1132	0.1
82.1132	0.2
82.1132	0.3
82.1132	0.2
82.1132	0.2
82.1132	0.1
82.1132	0.2
82.1132	0.3
82.1132	0.2
82.1132	0.2
82.1132	0.1
82.1132	0.2
82.1132	0.3
82.1132	0.2
82.1132	0.2
82.1136	0.1
82.1136	0.2
82.1136	0.3
82.1136	0.3
82.1136	0.2
82.1136	0.2
82.1136	0.1
82.1136	0.2
82.1136	0.2
82.1136	0.1
82.1136	0.2
82.1136	0.3
82.1136	0.2
82.1136	0.2
82.1136	0.1
82.1136	0.2
82.1136	0.2
82.1152	0.1
82.1156	0.2
82.1156	0.3
82.1156	0.2
82.1192	0.2
82.1192	0.1
82.1192	0.2
82.1192	0.3
82.1192	0.2
82.1208	0.2
82.1208	0.1
82.1208	0.2
82.1208	0.3
82.1208	0.2
82.1272	0.2
82.1272	0.1
82.1276	0.2
82.1276	0.3
82.1276	0.2
82.1276	0.2
82.1276	0.1
82.1276	0.2
82.1276	0.3
82.1276	0.2
82.1276	0.2
82.1276	0.1
82.1288	0.2
82.1288	0.3
82.1288	0.2
82.1288	0.2
82.1288	0.1
82.1292	0.2
82.1292	0.3
82.1292	0.2
82.1292	0.2
82.1292	0.1
82.1292	0.2
82.1292	0.3
82.1296	0.2
82.13	0.2
82.13	0.1
82.13	0.2
82.13	0.2
82.13	0.1
82.1308	0.2
82.1316	0.3
82.1316	0.2
82.1316	0.2
82.132	0.1
82.1328	0.2
82.1328	0.3
82.1328	0.2
82.1328	0.2
82.1344	0.1
82.1344	0.2
82.1344	0.2
82.1344	0.1
82.1344	0.2
82.1348	0.3
82.1348	0.2
82.1348	0.2
82.1364	0.1
82.1368	0.2
82.1368	0.3
82.1368	0.2
82.1368	0.2
82.1368	0.1
82.1368	0.2
82.1368	0.3
82.1368	0.2
82.1368	0.2
82.1368	0.1
82.1368	0.2
82.1368	0.3
82.1368	0.2
82.1368	0.2
82.1368	0.1
82.1368	0.2
82.1368	0.3
82.1368	0.2
82.1368	0.2
82.1376	0.1
82.1376	0.2
82.1376	0.3
82.1376	0.2
82.1376	0.2
82.1376	0.1
82.1376	0.2
82.1376	0.3
82.1376	0.2
82.1376	0.2
82.1376	0.1
82.1376	0.2
82.1376	0.3
82.1376	0.2
82.1376	0.2
82.1376	0.1
82.1376	0.2
82.1376	0.3
82.1376	0.2
82.1376	0.2
82.138	0.1
82.1384	0.2
82.1384	0.3
82.1384	0.2
82.1384	0.2
82.1384	0.1
82.1384	0.2
82.1384	0.3
82.1384	0.2
82.1384	0.2
82.1384	0.1
82.1384	0.2
82.1384	0.3
82.1384	0.2
82.1384	0.2
82.1396	0.1
82.1396	0.2
82.1396	0.3
82.1396	0.2
82.1396	0.2
82.1396	0.1
82.1396	0.2
82.1396	0.3
