Created robot #0
  Memory locations:
	Port:	6665
	Client:		0x138b880
	Pos2dProxy:	0x1390ca0
	Ranger:		0x1390f80
Created robot #1
  Memory locations:
	Port:	6666
	Client:		0x1391300
	Pos2dProxy:	0x138f620
	Ranger:		0x138f900
Created robot #2
  Memory locations:
	Port:	6667
	Client:		0x1391b90
	Pos2dProxy:	0x13913d0
	Ranger:		0x1391690
Created robot #3
  Memory locations:
	Port:	6668
	Client:		0x1392420
	Pos2dProxy:	0x1391910
	Ranger:		0x1391e60
Created robot #4
  Memory locations:
	Port:	6669
	Client:		0x1392ac0
	Pos2dProxy:	0x1392540
	Ranger:		0x13927c0
Press any key to begin, and q to stop.
Explored (%)	Simulation Timestep (s)
0	6.7
5.2576	0.2
6.4316	0.2
6.8908	0.1
7.1912	0.2
7.4472	0.2
7.6576	0.1
7.87	0.2
8.0768	0.2
8.2268	0.2
8.3944	0.2
8.64	0.2
8.8124	0.1
9.0792	0.2
9.316	0.2
9.4968	0.1
9.7052	0.2
9.938	0.2
10.0692	0.1
10.2452	0.2
10.4088	0.2
10.552	0.1
10.724	0.2
10.8588	0.2
11.0188	0.1
11.2016	0.2
11.316	0.2
11.5624	0.1
11.7964	0.2
11.8856	0.2
12.0532	0.1
12.3392	0.2
12.4724	0.2
12.758	0.1
13.02	0.2
13.1204	0.3
13.3316	0.2
13.4932	0.2
13.6204	0.1
13.8576	0.2
14.1472	0.2
14.4556	0.1
14.7088	0.2
14.8912	0.2
15.0992	0.1
15.3668	0.2
15.532	0.2
15.8432	0.1
16.0496	0.2
16.1764	0.2
16.4452	0.1
16.6564	0.2
16.8884	0.2
17.1904	0.1
17.3084	0.2
17.5688	0.1
17.9012	0.2
18.1636	0.2
18.548	0.1
18.7988	0.2
18.912	0.3
19.2136	0.2
19.4952	0.2
19.7132	0.1
19.9612	0.2
20.3408	0.2
20.6312	0.1
20.856	0.2
21.0352	0.2
21.33	0.1
21.5772	0.2
21.718	0.2
21.942	0.1
22.3712	0.2
22.7332	0.2
23.1104	0.1
23.6072	0.2
23.952	0.2
24.3404	0.1
24.7532	0.2
25.022	0.2
25.4832	0.1
25.8256	0.2
26.0836	0.3
26.4764	0.2
26.8484	0.2
27.1464	0.1
27.6112	0.2
28.0148	0.2
28.4272	0.1
28.782	0.2
29.066	0.2
29.438	0.1
29.8908	0.2
30.1508	0.2
30.4464	0.1
30.7728	0.2
31.0924	0.2
31.5384	0.1
31.9444	0.2
32.1876	0.2
32.5988	0.1
32.902	0.2
33.0552	0.3
33.4216	0.2
33.9492	0.2
34.3304	0.1
34.6524	0.2
35.0048	0.2
35.448	0.1
35.852	0.2
36.0876	0.2
36.2672	0.1
36.5784	0.2
36.816	0.2
37.0452	0.1
37.3404	0.2
37.5756	0.2
37.8292	0.1
38.1616	0.2
38.4916	0.2
38.9208	0.1
39.2584	0.2
39.6192	0.2
40.0124	0.1
40.32	0.2
40.5732	0.3
40.8276	0.2
41.1516	0.2
41.368	0.1
41.7164	0.2
41.9896	0.2
42.2608	0.1
42.5808	0.2
42.8044	0.2
43.0536	0.1
43.3464	0.2
43.6512	0.2
43.9624	0.1
44.3912	0.2
44.8104	0.2
45.2376	0.1
45.538	0.2
45.8924	0.2
46.3928	0.1
46.8076	0.2
47.1464	0.2
47.5836	0.2
48.0424	0.2
48.3692	0.1
48.6344	0.1
48.9576	0.1
49.2344	0.2
49.424	0.2
49.6376	0.1
49.9244	0.2
50.2844	0.2
50.5436	0.1
50.9688	0.2
51.2576	0.1
51.5112	0.1
51.8788	0.1
52.1616	0.3
52.4276	0.1
52.7908	0.1
53.1788	0.2
53.422	0.1
53.7836	0.1
54.054	0.1
54.304	0.2
54.5444	0.2
54.8468	0.1
55.2384	0.2
55.6948	0.1
56.0416	0.2
56.4464	0.2
56.7192	0.1
56.9236	0.2
57.1732	0.2
57.4604	0.1
57.704	0.1
57.8684	0.1
58.1172	0.2
58.4264	0.2
58.6748	0.1
58.9504	0.2
59.1776	0.1
59.4892	0.2
59.706	0.2
59.8684	0.1
60.0664	0.1
60.1564	0.1
60.3632	0.2
60.5544	0.2
60.7368	0.1
60.922	0.2
61.006	0.1
61.1432	0.2
61.2688	0.2
61.3592	0.2
61.4208	0.1
61.4956	0.2
61.622	0.1
61.7284	0.1
61.8136	0.1
61.8864	0.3
61.9416	0.1
62.0148	0.1
62.0668	0.2
62.1448	0.2
62.242	0.1
62.3336	0.2
62.3964	0.1
62.462	0.2
62.5532	0.2
62.6492	0.1
62.758	0.1
62.8108	0.1
62.9096	0.2
63.006	0.2
63.16	0.1
63.2716	0.2
63.3372	0.1
63.424	0.2
63.5572	0.2
63.6628	0.1
63.7236	0.1
63.8348	0.1
63.9072	0.3
63.9616	0.1
64.0696	0.1
64.1616	0.2
64.3484	0.1
64.4988	0.2
64.6144	0.2
64.7196	0.1
64.8204	0.1
64.9988	0.1
65.0776	0.2
65.2244	0.1
65.4272	0.1
65.6048	0.1
65.796	0.2
66.002	0.2
66.2428	0.1
66.4988	0.3
66.5792	0.1
66.7284	0.1
66.8648	0.3
67.1264	0.1
67.25	0.1
67.538	0.2
67.8164	0.2
68.074	0.1
68.214	0.2
68.4124	0.1
68.5912	0.2
68.814	0.2
69.0096	0.1
69.1796	0.1
69.2772	0.1
69.4048	0.3
69.5588	0.1
69.6576	0.1
69.814	0.2
69.9096	0.2
70.0536	0.1
70.2504	0.2
70.434	0.1
70.5536	0.2
70.7716	0.2
71.0276	0.1
71.2096	0.1
71.3728	0.1
71.492	0.3
71.6212	0.1
71.7508	0.1
71.9792	0.2
72.1972	0.2
72.2624	0.1
72.4956	0.2
72.6092	0.1
72.7508	0.2
72.8244	0.2
73.0588	0.1
73.2324	0.1
73.3356	0.1
73.5564	0.3
73.7924	0.1
73.9376	0.1
74.1652	0.2
74.296	0.1
74.5332	0.2
74.6712	0.2
74.9712	0.1
75.178	0.2
75.3404	0.2
75.5468	0.1
75.7076	0.1
75.8664	0.1
76.0116	0.2
76.158	0.2
76.2948	0.1
76.364	0.2
76.4368	0.2
76.5604	0.1
76.7552	0.2
76.9336	0.1
77.0328	0.1
77.116	0.1
77.1712	0.2
77.3128	0.1
77.504	0.1
77.6432	0.1
77.8096	0.2
77.926	0.2
78.0364	0.1
78.0896	0.2
78.1744	0.1
78.3584	0.2
78.52	0.2
78.5584	0.2
78.654	0.1
78.7176	0.2
78.8492	0.2
78.9964	0.1
79.0988	0.2
79.1648	0.1
79.2068	0.2
79.2552	0.2
79.2948	0.1
79.3392	0.1
79.4276	0.1
79.512	0.3
79.5968	0.1
79.6992	0.1
79.75	0.2
79.7872	0.1
79.8652	0.2
79.8868	0.2
79.8956	0.1
79.9172	0.1
79.924	0.1
79.9296	0.2
79.9384	0.2
79.9796	0.1
79.9804	0.2
79.9848	0.2
79.988	0.1
80.0276	0.2
80.0284	0.1
80.0308	0.2
80.0508	0.2
80.052	0.1
80.0572	0.1
80.0676	0.1
80.0916	0.2
80.0948	0.1
80.1088	0.2
80.1096	0.2
80.1096	0.2
80.1172	0.1
80.1356	0.2
80.1592	0.2
80.182	0.1
80.1924	0.2
80.2012	0.2
80.2104	0.1
80.2308	0.2
80.232	0.2
80.2408	0.1
80.2492	0.2
80.2584	0.2
80.268	0.1
80.27	0.2
80.274	0.3
80.2832	0.2
80.3024	0.2
80.3244	0.1
80.3608	0.2
80.4048	0.2
80.4388	0.1
80.4856	0.2
80.5356	0.2
80.5716	0.1
80.6496	0.2
80.6976	0.2
80.7176	0.1
80.7272	0.2
80.7748	0.2
80.8192	0.1
80.8376	0.2
80.8436	0.2
80.8732	0.1
80.9016	0.2
80.974	0.3
81.0008	0.2
81.022	0.2
81.0592	0.1
81.0632	0.2
81.0804	0.2
81.108	0.1
81.11	0.2
81.112	0.2
81.1132	0.1
81.1164	0.2
81.1184	0.2
81.1184	0.1
81.122	0.2
81.126	0.2
81.1304	0.1
81.134	0.2
81.1352	0.2
81.1368	0.1
81.15	0.2
81.1532	0.3
81.1536	0.2
81.1608	0.2
81.1632	0.1
81.1652	0.2
81.1652	0.2
81.1656	0.1
81.1656	0.2
81.1692	0.2
81.1704	0.1
81.1712	0.2
81.1716	0.2
81.1748	0.1
81.1764	0.2
81.1788	0.2
81.18	0.1
81.18	0.2
81.1848	0.2
81.1848	0.1
81.1852	0.2
81.1852	0.3
81.1868	0.2
81.188	0.2
81.1884	0.1
81.1884	0.2
81.1884	0.2
81.1884	0.1
81.1884	0.2
81.1888	0.2
81.1908	0.1
81.1932	0.2
81.1968	0.2
81.1968	0.1
81.2004	0.2
81.2036	0.2
81.2048	0.1
81.2068	0.2
81.2248	0.2
81.2312	0.1
81.25	0.2
81.2632	0.2
81.2656	0.1
81.272	0.2
81.276	0.2
81.2864	0.1
81.2904	0.2
81.2908	0.2
81.2916	0.1
81.292	0.2
81.292	0.2
81.2924	0.1
81.2928	0.2
81.2928	0.2
81.2928	0.1
81.2952	0.2
81.3012	0.3
81.3068	0.2
81.3072	0.2
81.3076	0.1
81.3076	0.2
81.3084	0.2
81.3088	0.1
81.3112	0.2
81.3128	0.2
81.3164	0.1
81.3164	0.2
81.3164	0.2
81.3164	0.1
81.3164	0.2
81.3172	0.2
81.3172	0.1
81.3176	0.2
81.3184	0.2
81.3184	0.1
81.3232	0.2
81.3232	0.3
81.34	0.2
81.3424	0.2
81.3552	0.1
81.3716	0.2
81.372	0.2
81.372	0.1
81.372	0.2
81.374	0.2
81.374	0.1
81.374	0.2
81.374	0.2
81.3852	0.1
81.3896	0.2
81.3904	0.2
81.3928	0.1
81.3928	0.2
81.3936	0.2
81.3936	0.1
81.3976	0.2
81.3976	0.3
81.4012	0.2
81.4184	0.2
81.4308	0.1
81.4308	0.2
81.4308	0.2
81.4308	0.1
81.4312	0.2
81.4328	0.2
81.4348	0.1
81.4348	0.2
81.4352	0.2
81.4352	0.1
81.4356	0.2
81.4356	0.2
81.436	0.1
81.436	0.2
81.436	0.2
81.436	0.1
81.436	0.2
81.436	0.2
81.4368	0.1
81.4372	0.2
81.4372	0.3
81.438	0.2
81.4388	0.2
81.4412	0.1
81.4468	0.2
81.4508	0.2
81.4508	0.1
81.4508	0.2
81.4516	0.2
81.4516	0.1
81.4552	0.2
81.4552	0.2
81.4596	0.1
81.4704	0.2
81.4936	0.2
81.5108	0.1
81.5208	0.2
81.5228	0.2
81.5264	0.1
81.5304	0.2
81.5464	0.2
81.5672	0.1
81.5696	0.2
81.5764	0.2
81.582	0.1
81.5844	0.2
81.6076	0.2
81.6452	0.1
81.6452	0.2
81.6484	0.2
81.65	0.1
81.65	0.2
81.65	0.2
81.65	0.1
81.65	0.2
81.65	0.3
81.65	0.2
81.65	0.2
81.65	0.1
81.6508	0.2
81.6508	0.2
81.6508	0.1
81.6508	0.2
81.6508	0.2
81.6564	0.1
81.6572	0.2
81.6572	0.2
81.6576	0.1
81.658	0.2
81.6768	0.2
81.6816	0.1
81.6884	0.2
81.6904	0.2
81.6964	0.1
81.6976	0.2
81.6976	0.2
81.6976	0.1
81.698	0.2
81.6988	0.3
81.6996	0.2
81.702	0.2
81.7036	0.1
81.712	0.2
81.7124	0.2
81.7124	0.1
81.7124	0.2
81.7124	0.2
81.7132	0.1
81.7132	0.2
82.1808	0.2
82.292	0.1
82.556	0.2
82.6428	0.2
82.7016	0.1
82.7268	0.2
82.8016	0.2
82.8212	0.1
82.878	0.2
82.8972	0.3
82.906	0.2
82.912	0.2
82.9188	0.1
82.9308	0.2
82.962	0.2
82.9756	0.1
83.0552	0.2
83.0748	0.2
83.1064	0.1
83.1404	0.2
83.1796	0.2
83.1848	0.1
83.2048	0.2
83.2228	0.2
83.2348	0.1
83.2564	0.2
83.266	0.2
83.2752	0.1
83.2772	0.2
83.278	0.3
83.2804	0.2
83.2836	0.2
83.2848	0.1
83.2912	0.2
83.2912	0.2
83.2912	0.1
83.3024	0.2
83.3144	0.2
83.3184	0.1
83.3244	0.2
83.3324	0.2
83.348	0.1
83.3532	0.2
83.356	0.2
83.3588	0.1
83.36	0.2
83.3608	0.2
83.3612	0.1
83.3612	0.2
83.3632	0.2
83.3636	0.1
83.364	0.2
83.3644	0.2
83.3648	0.1
83.3812	0.2
83.3844	0.2
83.3852	0.1
83.388	0.2
83.3896	0.2
83.3896	0.1
83.39	0.2
83.396	0.3
83.396	0.2
83.396	0.2
83.4076	0.1
83.4144	0.2
83.4324	0.2
83.4592	0.1
83.4652	0.2
83.4788	0.2
83.4864	0.1
83.4916	0.2
83.4916	0.2
83.4924	0.1
83.4924	0.2
83.4936	0.2
83.4944	0.1
83.4972	0.2
83.4972	0.2
83.4972	0.1
83.4976	0.2
83.5012	0.2
83.5024	0.1
83.5024	0.2
83.5028	0.3
83.504	0.2
83.5096	0.2
83.5164	0.1
83.5164	0.2
83.5176	0.2
83.518	0.1
83.5188	0.2
83.5188	0.2
83.5196	0.1
83.5204	0.2
83.5204	0.2
83.5204	0.1
83.5204	0.2
83.5256	0.2
83.5256	0.1
83.526	0.2
83.526	0.2
83.526	0.1
83.526	0.2
83.526	0.3
83.526	0.2
83.526	0.2
83.5272	0.1
83.532	0.2
83.5328	0.2
83.5332	0.1
83.534	0.2
83.534	0.2
83.534	0.1
83.534	0.2
83.534	0.2
83.534	0.1
83.534	0.2
83.534	0.2
83.5352	0.1
83.5376	0.2
83.5376	0.2
83.538	0.1
83.5384	0.2
83.5388	0.2
83.5388	0.2
83.54	0.2
83.54	0.2
83.54	0.1
83.54	0.2
83.54	0.3
83.54	0.2
83.54	0.2
83.54	0.1
83.7316	0.2
83.806	0.2
83.8724	0.1
83.9552	0.2
83.9984	0.2
84.0104	0.1
84.0192	0.2
84.0448	0.2
84.074	0.1
84.1368	0.2
84.14	0.2
84.146	0.1
84.1928	0.2
84.236	0.2
84.26	0.1
84.2872	0.2
84.2916	0.3
84.298	0.2
84.3388	0.2
84.3552	0.1
84.362	0.2
84.406	0.2
84.4196	0.1
84.4284	0.2
84.4336	0.2
84.4476	0.1
84.4512	0.2
84.4552	0.2
84.4756	0.1
84.4876	0.2
84.4876	0.2
84.4928	0.1
84.4952	0.2
84.5016	0.2
84.5068	0.1
84.7364	0.2
84.8096	0.3
84.9008	0.2
84.9352	0.2
84.9488	0.1
84.952	0.2
84.968	0.2
84.9844	0.1
84.9872	0.2
85.0088	0.2
85.0136	0.1
85.018	0.2
85.0288	0.2
85.0424	0.1
85.046	0.2
85.0548	0.2
85.0556	0.1
85.0656	0.2
85.0668	0.2
85.0668	0.1
85.0676	0.2
85.0688	0.3
85.0732	0.2
85.0732	0.2
85.0736	0.1
85.0768	0.2
85.084	0.2
85.0916	0.1
85.0916	0.2
85.0916	0.2
85.0916	0.1
85.0928	0.2
85.098	0.2
85.098	0.1
85.0984	0.2
85.0984	0.2
85.0984	0.1
85.114	0.2
85.114	0.2
85.1172	0.1
85.1208	0.2
85.1228	0.2
85.1264	0.1
85.13	0.2
85.132	0.3
85.2216	0.2
85.2224	0.2
85.2924	0.1
85.2936	0.2
85.4736	0.2
85.5068	0.1
85.5272	0.2
85.546	0.2
85.562	0.1
85.5668	0.2
85.5688	0.2
85.5688	0.1
85.5688	0.2
85.6448	0.2
85.6752	0.1
85.6948	0.2
85.7044	0.2
85.7056	0.1
85.7128	0.2
85.7128	0.2
85.716	0.1
85.7164	0.2
85.718	0.2
85.7196	0.1
85.7264	0.2
85.73	0.2
85.7608	0.1
85.77	0.2
85.77	0.3
85.7712	0.2
85.7744	0.2
85.7748	0.1
85.7756	0.2
85.7856	0.2
85.7972	0.1
85.8036	0.2
85.8056	0.2
85.81	0.1
85.8284	0.2
85.8408	0.2
85.856	0.1
85.8628	0.2
85.8664	0.2
85.8688	0.1
85.8848	0.2
85.886	0.2
85.886	0.1
85.93	0.2
85.9328	0.3
85.9328	0.2
85.9328	0.2
85.9328	0.1
85.9328	0.2
85.9328	0.2
85.9356	0.1
85.9564	0.2
85.9716	0.2
85.9732	0.1
85.9784	0.2
85.9852	0.2
85.9852	0.1
85.9872	0.2
85.9872	0.2
85.9872	0.1
85.9872	0.2
85.9872	0.2
85.9872	0.1
85.9872	0.2
85.9872	0.3
85.994	0.2
85.994	0.2
86.006	0.1
86.0064	0.2
86.0176	0.2
86.0204	0.1
86.022	0.2
86.0268	0.2
86.0272	0.1
86.0276	0.2
86.0276	0.2
86.0276	0.1
86.0276	0.2
86.0276	0.2
86.0276	0.1
86.0276	0.2
86.0276	0.2
86.0276	0.1
86.0276	0.2
86.0276	0.2
86.028	0.1
86.028	0.2
86.0288	0.2
86.0304	0.1
86.0432	0.2
86.0432	0.3
86.0432	0.2
86.0432	0.2
86.0432	0.1
86.0432	0.2
86.0432	0.2
86.0432	0.1
86.0432	0.2
86.0432	0.2
86.0432	0.1
86.0436	0.2
86.0444	0.2
86.0564	0.1
86.0564	0.2
86.0564	0.2
86.0564	0.1
86.0564	0.2
86.0564	0.2
86.0564	0.1
86.0564	0.2
86.0564	0.2
86.0568	0.1
86.0568	0.2
86.0568	0.3
86.0572	0.2
86.0572	0.2
86.0572	0.1
86.0572	0.2
86.0572	0.2
86.0572	0.1
86.0572	0.2
86.0572	0.2
86.0572	0.1
86.0572	0.2
86.0572	0.2
86.0572	0.1
86.0572	0.2
86.0572	0.2
86.0572	0.1
86.0572	0.2
86.0576	0.2
86.0576	0.1
86.0584	0.2
86.0588	0.3
86.0588	0.2
86.0588	0.2
86.0596	0.1
86.0596	0.2
86.0596	0.2
86.0596	0.1
86.0596	0.2
86.0596	0.2
86.0596	0.1
86.0596	0.2
86.0596	0.2
86.0596	0.1
86.0596	0.2
86.06	0.2
86.06	0.1
86.06	0.2
86.0604	0.2
86.0608	0.1
86.0608	0.2
86.0608	0.3
86.0608	0.2
86.0608	0.2
86.0608	0.1
86.0608	0.2
86.0608	0.2
86.0608	0.1
86.0608	0.2
86.0608	0.2
86.0608	0.1
86.0608	0.2
86.0608	0.2
86.0608	0.1
86.0608	0.2
86.0608	0.2
86.0608	0.1
86.0608	0.2
86.0608	0.2
86.0608	0.1
86.0608	0.2
86.0608	0.2
86.0612	0.1
86.0612	0.2
86.0612	0.2
86.0612	0.1
86.0612	0.2
86.0612	0.2
86.0612	0.1
86.0612	0.2
86.0612	0.3
