Created robot #0
  Memory locations:
	Port:	6665
	Client:		0xe8d880
	Pos2dProxy:	0xe92ca0
	Ranger:		0xe92f80
	Map:		0x7ffc8b9811d0

Created robot #1
  Memory locations:
	Port:	6666
	Client:		0xe932d0
	Pos2dProxy:	0xe91620
	Ranger:		0xe91900
	Map:		0x7ffc8b981230

Created robot #2
  Memory locations:
	Port:	6667
	Client:		0xe91a90
	Pos2dProxy:	0xe93440
	Ranger:		0xe93720
	Map:		0x7ffc8b981290

Created robot #3
  Memory locations:
	Port:	6668
	Client:		0xe938b0
	Pos2dProxy:	0xe93c60
	Ranger:		0xe93f40
	Map:		0x7ffc8b9812f0

Created robot #4
  Memory locations:
	Port:	6669
	Client:		0xe940d0
	Pos2dProxy:	0xe94440
	Ranger:		0xe94720
	Map:		0x7ffc8b981350

Press any key to begin, and q to stop.
Explored (%)	Simulation Timestep (s)
0	7
5.2576	0.2
6.4632	0.2
6.9168	0.2
7.2564	0.3
7.4964	0.2
7.7636	0.4
8.0876	0.3
8.4116	0.2
8.696	0.3
8.876	0.4
9.1936	0.3
9.55	0.2
9.8112	0.1
10.04	0.2
10.2576	0.2
10.4784	0.3
10.7	0.2
10.9028	0.3
11.0092	0.2
11.2712	0.3
11.4872	0.2
11.7776	0.3
11.944	0.2
12.106	0.1
12.408	0.4
12.7548	0.1
13.1536	0.4
13.4524	0.1
13.7712	0.4
14.0372	0.1
14.2436	0.2
14.466	0.3
14.7392	0.2
15.0276	0.2
15.2776	0.1
15.442	0.2
15.7712	0.2
15.9644	0.1
16.244	0.3
16.4412	0.2
16.5792	0.3
16.7684	0.2
16.9708	0.2
17.1416	0.1
17.3152	0.2
17.4424	0.3
17.6348	0.2
17.8044	0.2
17.944	0.1
18.0852	0.2
18.2972	0.2
18.5812	0.1
18.8184	0.2
18.9776	0.3
19.1496	0.2
19.3192	0.2
19.5716	0.1
19.7076	0.2
19.7848	0.2
19.9136	0.1
20.144	0.2
20.2736	0.3
20.5632	0.2
20.9464	0.2
21.2928	0.1
21.6316	0.2
21.9056	0.2
22.1344	0.1
22.3704	0.2
22.6176	0.3
22.784	0.2
23.0584	0.2
23.3212	0.1
23.6396	0.2
23.8372	0.2
24.0516	0.1
24.2556	0.2
24.4376	0.3
24.7352	0.2
25.0668	0.2
25.4488	0.1
25.8752	0.2
26.1196	0.3
26.4492	0.2
26.718	0.2
26.9872	0.1
27.28	0.2
27.49	0.2
27.7636	0.1
27.9828	0.2
28.1596	0.3
28.4664	0.2
28.7468	0.2
28.9804	0.1
29.2348	0.2
29.4104	0.2
29.8032	0.1
30.2608	0.2
30.6008	0.3
30.9216	0.2
31.1352	0.2
31.3396	0.1
31.5856	0.2
31.734	0.3
32.022	0.2
32.3664	0.2
32.6816	0.1
32.9692	0.2
33.1768	0.2
33.4724	0.1
33.8096	0.2
34.0248	0.3
34.2912	0.2
34.6012	0.2
34.9408	0.1
35.3688	0.2
35.6264	0.3
35.9124	0.2
36.1444	0.2
36.4164	0.1
36.708	0.2
36.9896	0.3
37.3044	0.1
37.5892	0.2
37.8384	0.2
38.092	0.1
38.3296	0.3
38.5464	0.2
38.7056	0.2
38.9516	0.2
39.1048	0.1
39.322	0.2
39.5108	0.1
39.7688	0.2
40.0588	0.3
40.3512	0.2
40.6324	0.2
40.9456	0.2
41.3508	0.1
41.676	0.3
41.96	0.2
42.2056	0.2
42.456	0.2
42.8552	0.1
43.258	0.3
43.5924	0.1
43.746	0.1
44.116	0.3
44.5552	0.2
45.046	0.2
45.4468	0.2
45.7804	0.1
46.1328	0.3
46.388	0.2
46.6768	0.2
47.022	0.1
47.322	0.2
47.606	0.2
47.8672	0.2
48.0708	0.1
48.2548	0.2
48.378	0.2
48.6072	0.1
48.838	0.3
48.996	0.2
49.086	0.2
49.202	0.2
49.2876	0.1
49.4564	0.3
49.5432	0.2
49.6864	0.2
49.818	0.2
49.9184	0.1
50.0664	0.2
50.1704	0.2
50.2832	0.1
50.3552	0.3
50.4716	0.2
50.5648	0.2
50.6928	0.2
50.7804	0.1
50.884	0.3
50.9984	0.1
51.0852	0.1
51.238	0.3
51.326	0.2
51.3848	0.2
51.5192	0.2
51.7096	0.1
51.8492	0.2
51.9712	0.2
52.0604	0.1
52.22	0.3
52.304	0.2
52.4648	0.2
52.6424	0.2
52.7952	0.1
52.9564	0.3
53.148	0.2
53.2916	0.2
53.4144	0.1
53.524	0.1
53.6928	0.1
53.7736	0.2
53.9268	0.2
54.1164	0.1
54.21	0.3
54.2972	0.2
54.4756	0.2
54.646	0.2
54.8256	0.1
54.9112	0.2
55.0048	0.2
55.2192	0.1
55.3448	0.3
55.6124	0.2
55.848	0.2
56.04	0.2
56.1572	0.1
56.2796	0.2
56.4688	0.2
56.6208	0.1
56.69	0.3
56.7968	0.2
56.9128	0.2
56.9484	0.2
57.062	0.1
57.2316	0.3
57.3332	0.2
57.4912	0.2
57.5536	0.2
57.6004	0.1
57.7044	0.3
57.8012	0.2
57.9032	0.3
58.0344	0.2
58.1616	0.2
58.2708	0.2
58.4232	0.1
58.574	0.2
58.7256	0.1
58.804	0.1
58.944	0.1
59.098	0.3
59.2996	0.2
59.438	0.2
59.6156	0.2
59.786	0.1
60.0112	0.3
60.1248	0.2
60.2584	0.2
60.3396	0.2
60.4008	0.1
60.5124	0.2
60.632	0.2
60.7128	0.1
60.7656	0.3
60.9068	0.2
61.0504	0.2
61.1452	0.2
61.2484	0.1
61.3124	0.2
61.3652	0.2
61.4268	0.1
61.5336	0.3
61.5752	0.2
61.6256	0.2
61.686	0.2
61.742	0.1
61.8608	0.3
61.9032	0.2
61.9188	0.2
61.978	0.2
62.03	0.1
62.0456	0.2
62.082	0.2
62.106	0.1
62.1348	0.3
62.2148	0.2
62.258	0.2
62.2812	0.2
62.3972	0.1
62.4836	0.2
62.5396	0.3
62.5656	0.3
62.6756	0.2
62.7436	0.2
62.8652	0.2
62.8996	0.1
63.1296	0.3
63.2848	0.2
63.4316	0.2
63.516	0.2
63.564	0.1
63.6224	0.2
63.6828	0.2
63.77	0.1
63.7972	0.2
63.8504	0.3
63.9016	0.2
63.9284	0.2
63.9692	0.1
64.0028	0.2
64.024	0.3
64.0324	0.2
64.0916	0.2
64.1364	0.1
64.2092	0.2
64.292	0.2
64.3464	0.1
64.4076	0.2
64.494	0.3
64.52	0.2
64.5976	0.2
64.6624	0.1
64.7448	0.2
64.826	0.2
64.9116	0.1
64.9628	0.2
65.006	0.3
65.0928	0.2
65.154	0.2
65.2292	0.1
65.3028	0.2
65.418	0.3
65.4976	0.2
65.5556	0.2
65.6232	0.1
65.6748	0.2
65.7704	0.2
65.8588	0.1
65.8852	0.2
65.9108	0.3
66.0008	0.2
66.1428	0.2
66.2488	0.1
66.3588	0.2
66.382	0.2
66.5028	0.1
66.6544	0.2
66.7316	0.3
66.8256	0.2
66.9332	0.2
67.0284	0.1
67.1524	0.2
67.2572	0.2
67.3348	0.1
67.4776	0.2
67.53	0.3
67.6272	0.2
67.8296	0.2
67.9552	0.1
68.0988	0.2
68.1668	0.3
68.3816	0.2
68.5068	0.2
68.6144	0.1
68.7664	0.2
68.9152	0.3
69.0772	0.2
69.3324	0.2
69.542	0.1
69.7592	0.2
69.9428	0.2
70.1508	0.1
70.3588	0.2
70.4872	0.3
70.6736	0.2
70.8944	0.2
71.0192	0.1
71.1256	0.2
71.1896	0.3
71.3464	0.2
71.6096	0.2
71.774	0.1
71.9272	0.2
72.0156	0.2
72.2696	0.1
72.546	0.2
72.7128	0.3
72.894	0.2
73.152	0.2
73.3864	0.1
73.632	0.2
73.7516	0.2
73.9912	0.1
74.1984	0.2
74.4136	0.3
74.7208	0.2
74.9464	0.2
75.0964	0.1
75.2712	0.2
75.3796	0.3
75.5184	0.2
75.6332	0.2
75.7704	0.1
75.918	0.2
76.0248	0.2
76.1436	0.1
76.286	0.2
76.4024	0.3
76.5712	0.2
76.7024	0.2
76.8512	0.1
76.9836	0.2
77.076	0.2
77.2624	0.1
77.414	0.2
77.5468	0.3
77.7496	0.2
77.9548	0.2
78.1784	0.1
78.2768	0.2
78.312	0.3
78.4016	0.2
78.598	0.2
78.7984	0.1
78.9464	0.2
79.0296	0.2
79.2472	0.1
79.4104	0.2
79.544	0.3
79.6592	0.2
79.7836	0.2
79.8476	0.1
79.9024	0.2
80.0304	0.3
80.094	0.2
80.1516	0.2
80.2564	0.1
80.3172	0.2
80.328	0.3
80.3432	0.2
80.3504	0.2
80.44	0.1
80.46	0.2
80.4664	0.2
80.4884	0.1
80.5008	0.2
80.5164	0.3
80.5432	0.2
80.5628	0.2
80.568	0.1
80.5684	0.2
80.5704	0.2
80.5752	0.1
80.5784	0.2
80.5808	0.3
80.5824	0.2
80.5868	0.2
80.588	0.1
80.5936	0.2
80.5936	0.2
80.5936	0.1
80.5936	0.2
80.5936	0.2
80.5936	0.1
80.5936	0.2
80.5936	0.2
80.5936	0.1
80.5936	0.2
80.5936	0.3
80.5936	0.2
80.594	0.2
80.594	0.1
80.5952	0.2
80.5984	0.3
80.6012	0.2
80.606	0.3
80.6116	0.2
80.6116	0.2
80.6124	0.1
80.6236	0.2
80.6264	0.3
80.6408	0.2
80.6544	0.2
80.6664	0.1
80.696	0.2
80.7192	0.3
80.7376	0.2
80.7512	0.2
80.7732	0.1
80.7812	0.2
80.7916	0.2
80.7956	0.1
80.8136	0.2
80.8228	0.3
80.8312	0.2
80.8836	0.2
80.8856	0.1
80.8988	0.2
80.9124	0.3
80.9224	0.2
80.9548	0.2
80.996	0.1
81.0304	0.2
81.0684	0.2
81.0984	0.1
81.1648	0.2
81.1792	0.3
81.1964	0.2
81.2132	0.2
81.2244	0.1
81.2468	0.2
81.2632	0.2
81.284	0.1
81.3088	0.2
81.3284	0.3
81.34	0.2
81.3584	0.2
81.3884	0.1
81.428	0.2
81.4324	0.3
81.4472	0.2
81.4644	0.2
81.4656	0.1
81.466	0.2
81.468	0.2
81.472	0.1
81.4952	0.2
81.5028	0.3
81.5144	0.2
