Created robot #0
  Memory locations:
	Port:	6665
	Client:		0x793880
	Pos2dProxy:	0x798ca0
	Ranger:		0x798f80
	Map:		0x7ffe24fecf50

Created robot #1
  Memory locations:
	Port:	6666
	Client:		0x7992d0
	Pos2dProxy:	0x797620
	Ranger:		0x797900
	Map:		0x7ffe24fecfb0

Created robot #2
  Memory locations:
	Port:	6667
	Client:		0x797a90
	Pos2dProxy:	0x799440
	Ranger:		0x799720
	Map:		0x7ffe24fed010

Created robot #3
  Memory locations:
	Port:	6668
	Client:		0x7998b0
	Pos2dProxy:	0x799c60
	Ranger:		0x799f40
	Map:		0x7ffe24fed070

Created robot #4
  Memory locations:
	Port:	6669
	Client:		0x79a0d0
	Pos2dProxy:	0x79a440
	Ranger:		0x79a720
	Map:		0x7ffe24fed0d0

Created robot #5
  Memory locations:
	Port:	6670
	Client:		0x79a8b0
	Pos2dProxy:	0x79ac20
	Ranger:		0x79af00
	Map:		0x7ffe24fed130

Created robot #6
  Memory locations:
	Port:	6671
	Client:		0x79b090
	Pos2dProxy:	0x79b400
	Ranger:		0x79b6e0
	Map:		0x7ffe24fed190

Created robot #7
  Memory locations:
	Port:	6672
	Client:		0x79b870
	Pos2dProxy:	0x79bbe0
	Ranger:		0x79bec0
	Map:		0x7ffe24fed1f0

Created robot #8
  Memory locations:
	Port:	6673
	Client:		0x79c050
	Pos2dProxy:	0x79c3c0
	Ranger:		0x79c6a0
	Map:		0x7ffe24fed250

Created robot #9
  Memory locations:
	Port:	6674
	Client:		0x79c830
	Pos2dProxy:	0x79cba0
	Ranger:		0x79ce80
	Map:		0x7ffe24fed2b0

Press any key to begin, and q to stop.
Explored (%)	Simulation Timestep (s)
0	9.1
7.1504	0.2
8.1876	0.2
8.7448	0.3
9.1484	0.4
9.5048	0.1
9.8212	0.2
10.2028	0.3
10.568	0.5
10.9648	0.2
11.3308	0.3
11.6956	0.5
11.998	0.2
12.3532	0.3
12.72	0.5
13.1036	0.2
13.5056	0.3
13.8848	0.5
14.3524	0.2
14.7352	0.3
15.2076	0.5
15.628	0.2
16.0312	0.3
16.4784	0.5
16.8912	0.3
17.27	0.2
17.8376	0.5
18.2508	0.3
18.6508	0.2
19.1344	0.5
19.5724	0.3
20.1484	0.2
20.6808	0.5
20.9812	0.3
21.4104	0.2
21.7268	0.5
21.9968	0.3
22.484	0.2
22.9144	0.5
23.2588	0.3
23.5532	0.2
23.984	0.5
24.526	0.3
24.9812	0.2
25.3916	0.5
25.8336	0.3
26.3704	0.2
26.9492	0.5
27.3944	0.3
27.9584	0.2
28.7064	0.5
29.3112	0.3
29.7956	0.2
30.3048	0.5
30.8764	0.3
31.5916	0.2
32.1844	0.5
32.7544	0.3
33.4708	0.2
34.1376	0.5
34.7184	0.3
35.246	0.2
35.818	0.5
36.6116	0.3
37.0812	0.2
37.4216	0.5
38.026	0.3
38.3776	0.2
38.8556	0.5
39.3832	0.3
39.8308	0.2
40.2184	0.4
40.6544	0.4
41.0948	0.3
41.4812	0.3
41.8896	0.4
42.268	0.3
42.7016	0.3
43.3	0.4
43.89	0.3
44.3448	0.3
44.8636	0.4
45.3288	0.3
45.792	0.3
46.2224	0.4
46.8716	0.3
47.4928	0.3
47.9728	0.4
48.4976	0.3
49.134	0.3
49.6492	0.4
50.0372	0.3
50.5516	0.3
50.9984	0.4
51.4584	0.3
51.9956	0.3
52.5788	0.4
53.1296	0.3
53.6476	0.3
54.0628	0.4
54.532	0.3
54.94	0.3
55.3308	0.4
55.7204	0.3
56.176	0.3
56.488	0.4
56.8476	0.3
57.1612	0.3
57.408	0.4
57.57	0.3
57.7948	0.3
58.0184	0.4
58.262	0.3
58.4772	0.3
58.6632	0.4
58.82	0.3
59.0952	0.3
59.3584	0.4
59.5932	0.3
59.878	0.3
60.056	0.4
60.2564	0.3
60.3792	0.3
60.522	0.4
60.666	0.3
60.8356	0.3
61.04	0.3
61.234	0.4
61.38	0.3
61.4916	0.3
61.6264	0.2
61.7876	0.5
61.9484	0.3
62.1192	0.2
62.2088	0.5
62.3328	0.3
62.4372	0.2
62.6184	0.4
62.7708	0.4
62.9172	0.2
63.1012	0.4
63.278	0.4
63.474	0.2
63.7976	0.4
64.0764	0.4
64.2932	0.2
64.4532	0.4
64.6372	0.4
64.758	0.2
65.006	0.4
65.1364	0.4
65.3416	0.2
65.5692	0.4
65.8108	0.4
66.064	0.2
66.1964	0.4
66.3388	0.4
66.5648	0.2
66.8432	0.4
66.9552	0.4
67.2	0.2
67.3696	0.4
67.4452	0.4
67.634	0.2
67.7716	0.4
67.8384	0.4
67.8784	0.2
67.9224	0.3
67.9324	0.4
67.9564	0.3
68.0144	0.4
68.0216	0.3
68.0476	0.3
68.0612	0.4
68.0672	0.3
68.068	0.3
68.082	0.4
68.1164	0.3
68.1392	0.3
68.144	0.4
68.1448	0.3
68.1788	0.3
68.2096	0.4
68.2496	0.3
68.2772	0.3
68.3	0.4
68.3148	0.3
68.8156	0.3
69.096	0.4
69.1892	0.3
69.2652	0.3
69.2968	0.4
69.3272	0.3
69.3436	0.3
69.354	0.4
69.3604	0.3
69.386	0.3
69.39	0.4
69.4004	0.3
69.4172	0.3
69.4244	0.4
69.4352	0.3
69.4596	0.3
69.4664	0.4
69.4804	0.3
69.718	0.3
69.8076	0.4
69.8592	0.3
69.96	0.3
70.026	0.4
70.0504	0.3
70.0584	0.3
70.0724	0.4
70.1232	0.3
70.134	0.3
70.1512	0.4
70.1792	0.3
70.1836	0.3
70.1968	0.4
70.2004	0.3
70.2012	0.3
70.222	0.4
70.2296	0.3
70.238	0.3
70.2528	0.4
70.2556	0.3
70.262	0.3
70.2676	0.4
70.2676	0.3
70.278	0.3
70.2868	0.4
70.2908	0.3
70.3028	0.3
70.3036	0.4
70.306	0.3
70.3104	0.3
70.318	0.4
70.3348	0.3
70.3608	0.3
70.3916	0.4
70.4368	0.3
70.5112	0.3
70.6108	0.4
70.762	0.3
70.9508	0.3
71.2624	0.4
71.5712	0.3
71.7896	0.3
72.0504	0.4
72.2728	0.3
72.4556	0.3
72.798	0.4
73.0472	0.3
73.3504	0.3
73.562	0.4
74.4328	0.3
74.8532	0.3
75.268	0.4
75.5768	0.3
75.8708	0.3
76.2764	0.4
76.7752	0.3
77.2256	0.3
77.6616	0.4
78.1328	0.3
78.454	0.3
78.7332	0.4
79.334	0.3
79.7976	0.3
80.2832	0.4
80.594	0.3
80.8712	0.3
81.0872	0.4
81.3272	0.3
81.6136	0.3
81.7608	0.4
81.9076	0.3
81.9928	0.3
82.1344	0.4
82.1704	0.3
82.2928	0.3
82.3492	0.4
82.4704	0.3
82.5672	0.3
82.6608	0.4
82.8152	0.3
82.944	0.3
83.0048	0.4
83.1504	0.3
83.182	0.3
83.2316	0.4
83.7396	0.3
83.95	0.3
84.1152	0.4
84.212	0.3
84.2772	0.3
84.4048	0.4
84.4744	0.3
84.508	0.3
84.6068	0.4
84.7192	0.3
84.8672	0.3
85.056	0.4
85.2488	0.3
85.4344	0.3
85.6436	0.4
85.8292	0.3
86.1112	0.3
86.4592	0.4
86.6364	0.3
87.036	0.3
87.2488	0.4
87.5076	0.3
87.5732	0.3
87.718	0.4
87.8268	0.3
87.986	0.3
88.0764	0.4
88.2028	0.3
88.2736	0.3
88.3216	0.4
88.3432	0.3
88.4812	0.3
88.5976	0.4
88.6052	0.3
88.6488	0.3
88.6736	0.4
88.688	0.3
88.7064	0.3
88.7832	0.4
88.8032	0.3
88.8168	0.3
88.8268	0.4
88.83	0.3
88.8372	0.3
88.8396	0.4
88.8428	0.3
88.8588	0.3
88.894	0.4
88.92	0.3
88.9304	0.3
88.9472	0.4
88.9656	0.3
88.9744	0.3
89.0368	0.4
89.0512	0.3
89.054	0.3
89.0592	0.4
89.0628	0.3
89.0632	0.3
89.0632	0.4
89.0632	0.3
89.0636	0.3
89.0636	0.4
89.0644	0.3
89.0684	0.3
89.0692	0.4
89.08	0.3
89.08	0.3
89.0812	0.4
89.0812	0.4
89.0916	0.3
89.0916	0.2
89.0928	0.5
89.0928	0.3
89.1004	0.2
89.104	0.5
89.1164	0.3
89.1164	0.2
89.1284	0.5
89.1372	0.3
89.1372	0.2
89.1384	0.5
89.146	0.3
89.154	0.2
89.176	0.5
89.1812	0.3
89.1816	0.2
89.1816	0.5
89.2008	0.3
89.2252	0.2
89.2296	0.5
89.396	0.3
89.5064	0.2
89.5416	0.5
89.558	0.3
89.5708	0.2
89.5768	0.5
89.5796	0.3
89.5836	0.2
89.5888	0.5
89.5896	0.3
89.594	0.2
89.596	0.5
89.5968	0.3
89.6068	0.2
89.6076	0.5
89.6076	0.3
89.608	0.2
89.608	0.5
89.6092	0.3
89.6212	0.2
89.626	0.5
89.6376	0.3
89.6376	0.2
89.6464	0.5
89.7912	0.3
89.876	0.2
89.9088	0.5
89.9232	0.3
89.9332	0.2
89.9412	0.5
89.9456	0.3
89.9464	0.2
89.9488	0.5
89.9492	0.3
89.9492	0.2
89.9496	0.5
89.9496	0.3
89.9576	0.2
89.9596	0.5
89.9616	0.3
89.9644	0.2
89.988	0.5
89.988	0.3
89.9908	0.2
89.9992	0.5
89.9992	0.3
90	0.2
90	0.5
90	0.3
90.0004	0.2
90.0008	0.5
90.0116	0.3
90.014	0.2
90.0152	0.5
90.0152	0.3
90.0152	0.2
90.0152	0.5
90.0164	0.3
90.0164	0.2
90.0168	0.5
90.0188	0.3
90.0188	0.2
90.0188	0.5
90.022	0.3
90.0236	0.2
90.024	0.5
90.0276	0.3
90.03	0.2
90.03	0.5
90.03	0.3
90.0308	0.2
90.0368	0.5
90.0372	0.3
90.0384	0.2
90.0384	0.5
90.0384	0.3
90.0384	0.2
90.0384	0.5
90.0384	0.3
90.0384	0.2
90.0384	0.5
90.0388	0.3
90.0404	0.2
90.0412	0.5
90.044	0.3
90.044	0.2
90.044	0.5
90.0452	0.3
90.0464	0.2
90.0468	0.5
90.0496	0.3
90.0512	0.2
90.0528	0.5
90.0556	0.3
90.0556	0.2
90.0556	0.5
90.0564	0.3
90.0584	0.2
90.06	0.5
90.0612	0.3
90.062	0.2
90.062	0.5
90.062	0.3
90.062	0.2
90.062	0.5
90.062	0.3
90.0628	0.2
90.0632	0.5
90.0632	0.3
90.0632	0.2
90.0632	0.5
90.0632	0.3
90.0632	0.2
90.0632	0.5
90.0636	0.3
90.0636	0.2
90.066	0.5
90.0692	0.3
90.0708	0.2
