Created robot #0
  Memory locations:
	Port:	6665
	Client:		0x18a7880
	Pos2dProxy:	0x18acca0
	Ranger:		0x18acf80
	Map:		0x7ffe46cfee00

Created robot #1
  Memory locations:
	Port:	6666
	Client:		0x18ad2d0
	Pos2dProxy:	0x18ab620
	Ranger:		0x18ab900
	Map:		0x7ffe46cfee60

Created robot #2
  Memory locations:
	Port:	6667
	Client:		0x18aba90
	Pos2dProxy:	0x18ad440
	Ranger:		0x18ad720
	Map:		0x7ffe46cfeec0

Created robot #3
  Memory locations:
	Port:	6668
	Client:		0x18ad8b0
	Pos2dProxy:	0x18adc60
	Ranger:		0x18adf40
	Map:		0x7ffe46cfef20

Created robot #4
  Memory locations:
	Port:	6669
	Client:		0x18ae0d0
	Pos2dProxy:	0x18ae440
	Ranger:		0x18ae720
	Map:		0x7ffe46cfef80

Created robot #5
  Memory locations:
	Port:	6670
	Client:		0x18ae8b0
	Pos2dProxy:	0x18aec20
	Ranger:		0x18aef00
	Map:		0x7ffe46cfefe0

Created robot #6
  Memory locations:
	Port:	6671
	Client:		0x18af090
	Pos2dProxy:	0x18af400
	Ranger:		0x18af6e0
	Map:		0x7ffe46cff040

Created robot #7
  Memory locations:
	Port:	6672
	Client:		0x18af870
	Pos2dProxy:	0x18afbe0
	Ranger:		0x18afec0
	Map:		0x7ffe46cff0a0

Created robot #8
  Memory locations:
	Port:	6673
	Client:		0x18b0050
	Pos2dProxy:	0x18b03c0
	Ranger:		0x18b06a0
	Map:		0x7ffe46cff100

Created robot #9
  Memory locations:
	Port:	6674
	Client:		0x18b0830
	Pos2dProxy:	0x18b0ba0
	Ranger:		0x18b0e80
	Map:		0x7ffe46cff160

Press any key to begin, and q to stop.
Explored (%)	Simulation Timestep (s)
0	8.2
7.1684	0.1
8.2924	0.2
8.73	0.3
9.0876	0.5
9.3508	0.2
9.61	0.3
9.8776	0.4
10.1132	0.1
10.4432	0.2
10.7216	0.3
10.9036	0.2
11.0796	0.2
11.3312	0.1
11.5804	0.2
11.7996	0.3
12.0672	0.2
12.2712	0.3
12.3888	0.2
12.57	0.2
12.9264	0.1
13.198	0.2
13.398	0.3
13.5152	0.2
13.7496	0.2
14.0144	0.1
14.2476	0.2
14.5556	0.3
14.7268	0.2
14.9148	0.2
15.1632	0.1
15.4868	0.2
15.8548	0.3
16.1832	0.2
16.4416	0.2
16.6516	0.1
16.9108	0.3
17.1152	0.2
17.3032	0.2
17.5332	0.1
17.8408	0.2
18.0756	0.3
18.3308	0.2
18.5912	0.2
18.742	0.1
18.9904	0.2
19.2476	0.3
19.4636	0.2
19.678	0.2
19.8092	0.1
19.9628	0.2
20.1416	0.3
20.2444	0.2
20.3844	0.2
20.4848	0.1
20.598	0.2
20.7416	0.2
20.9516	0.1
21.1504	0.2
21.3736	0.3
21.5012	0.2
21.6776	0.2
21.9124	0.1
22.2028	0.2
22.4456	0.3
22.6884	0.2
22.8772	0.2
23.0324	0.1
23.2888	0.2
23.5512	0.3
23.682	0.2
23.786	0.2
24.0264	0.1
24.2644	0.2
24.5004	0.3
24.7032	0.2
25.0336	0.2
25.3804	0.1
25.7212	0.2
25.9256	0.3
26.0788	0.2
26.3932	0.2
26.7036	0.1
27.1216	0.2
27.448	0.3
27.784	0.2
28.0652	0.2
28.3956	0.1
28.75	0.2
28.97	0.3
29.2572	0.2
29.4956	0.2
29.7624	0.1
30.1068	0.2
30.3536	0.3
30.552	0.2
30.7204	0.2
31.012	0.1
31.33	0.2
31.5788	0.3
31.85	0.2
32.0572	0.2
32.2116	0.1
32.4576	0.2
32.6432	0.3
32.9984	0.2
33.2888	0.2
33.5104	0.1
33.782	0.2
34.0852	0.3
34.384	0.2
34.5696	0.2
34.7992	0.1
35.0296	0.2
35.2792	0.3
35.5572	0.2
35.9656	0.2
36.1864	0.2
36.5556	0.2
36.8088	0.2
37.0932	0.1
37.4244	0.3
37.7876	0.2
38.2256	0.2
38.5736	0.2
38.9616	0.1
39.3676	0.3
39.7424	0.2
40.0924	0.2
40.4112	0.2
40.7008	0.1
40.9928	0.3
41.3224	0.2
41.7084	0.2
41.8964	0.2
42.0936	0.1
42.3376	0.3
42.5616	0.2
42.7692	0.2
42.9144	0.2
43.1372	0.1
43.2956	0.3
43.442	0.2
43.618	0.2
43.7808	0.2
44.1184	0.1
44.3596	0.3
44.6476	0.2
44.9064	0.2
45.11	0.2
45.302	0.1
45.5352	0.3
45.7436	0.2
45.92	0.2
46.1504	0.2
46.336	0.1
46.4356	0.3
46.5652	0.2
46.6896	0.2
46.7676	0.2
46.8828	0.1
46.9688	0.3
47.05	0.2
47.1276	0.2
47.1536	0.1
47.3044	0.2
47.3828	0.3
47.5364	0.2
47.5976	0.2
47.7148	0.2
47.8216	0.1
47.902	0.3
48.0156	0.2
48.1648	0.2
48.2824	0.2
48.3456	0.1
48.4984	0.3
48.5884	0.2
48.7616	0.2
48.9548	0.2
49.1436	0.1
49.2488	0.3
49.3	0.2
49.42	0.2
49.5924	0.2
49.6976	0.1
49.7284	0.3
49.7732	0.2
49.8432	0.2
49.8704	0.2
49.9064	0.1
49.9428	0.3
49.9564	0.2
49.9632	0.2
49.9692	0.2
49.9768	0.1
49.9768	0.3
50	0.2
50.002	0.2
50.0248	0.2
50.0364	0.1
50.0876	0.3
50.1052	0.2
50.1088	0.2
50.1104	0.1
50.1104	0.2
50.1104	0.2
50.1108	0.2
50.1168	0.1
50.1168	0.3
50.1168	0.2
50.1172	0.2
50.1172	0.2
50.1212	0.1
50.1256	0.3
50.1324	0.2
50.152	0.2
50.1548	0.2
50.1556	0.1
50.1596	0.3
50.1604	0.2
50.1928	0.2
50.2008	0.2
50.2104	0.1
50.2348	0.3
50.246	0.2
50.2604	0.2
50.264	0.2
50.2796	0.1
50.2844	0.3
50.286	0.2
50.288	0.2
50.2988	0.2
50.2996	0.1
50.316	0.3
50.3404	0.2
50.3556	0.2
50.3692	0.2
50.3696	0.1
50.3808	0.3
50.388	0.2
50.4104	0.2
50.428	0.2
50.4364	0.1
50.44	0.3
50.4484	0.2
50.4508	0.2
50.4648	0.2
50.47	0.1
50.4756	0.3
50.5024	0.2
50.5076	0.2
50.5176	0.2
50.522	0.1
50.5352	0.3
50.5448	0.2
50.5588	0.2
50.5652	0.2
50.5652	0.1
50.5724	0.3
50.5892	0.2
50.5968	0.2
50.6008	0.2
50.6012	0.1
50.6096	0.3
50.6204	0.2
50.622	0.2
50.6264	0.2
50.6456	0.1
50.668	0.3
50.67	0.2
50.6704	0.2
50.6744	0.2
50.6796	0.1
50.6796	0.3
50.68	0.2
50.6844	0.2
50.6844	0.1
50.6844	0.2
50.6844	0.2
50.6848	0.3
50.6848	0.2
50.6848	0.2
50.6848	0.1
50.6888	0.2
50.6888	0.2
50.6888	0.1
50.6888	0.2
50.6888	0.3
50.6888	0.2
50.69	0.2
50.69	0.1
50.6952	0.2
50.7008	0.3
50.7152	0.2
50.7192	0.2
50.7276	0.1
50.7332	0.2
50.7576	0.3
50.766	0.2
50.792	0.3
50.822	0.2
50.846	0.3
50.8716	0.2
50.9004	0.2
50.9656	0.1
51.0048	0.2
51.0672	0.3
51.118	0.2
51.152	0.2
51.1908	0.1
51.2108	0.2
51.2428	0.3
51.2608	0.2
51.3096	0.2
51.3572	0.1
51.3752	0.2
51.4704	0.2
51.55	0.1
51.6068	0.2
51.6332	0.3
51.6444	0.2
51.6636	0.2
51.682	0.1
51.734	0.2
51.7476	0.3
51.8024	0.2
51.8328	0.2
51.86	0.1
51.9188	0.2
51.9508	0.3
51.9988	0.2
52.034	0.2
52.0516	0.1
52.0868	0.2
52.1104	0.3
52.162	0.2
52.2376	0.2
52.2604	0.1
52.29	0.2
52.3684	0.3
52.4268	0.2
52.478	0.2
52.56	0.1
52.5804	0.2
52.6848	0.2
52.814	0.1
52.9356	0.2
53.0364	0.3
53.0724	0.2
53.1932	0.2
53.2804	0.1
53.3204	0.2
53.3576	0.3
53.4304	0.2
53.542	0.2
53.6012	0.1
53.7044	0.2
53.7692	0.3
53.872	0.2
53.9528	0.2
54.0892	0.1
54.1876	0.2
54.2264	0.3
54.312	0.2
54.4024	0.2
54.4956	0.1
54.5248	0.2
54.6064	0.3
54.7712	0.2
54.9516	0.2
55.0572	0.1
55.1228	0.2
55.2772	0.3
55.382	0.2
55.5376	0.2
55.7032	0.1
55.93	0.2
56.1264	0.3
56.2596	0.2
56.4208	0.2
56.5344	0.1
56.614	0.2
56.6728	0.2
56.6948	0.1
56.7776	0.2
56.872	0.3
56.886	0.2
56.938	0.2
56.9524	0.1
57.002	0.2
57.0032	0.3
57.0084	0.2
57.0216	0.2
57.0284	0.1
57.036	0.2
57.042	0.3
57.072	0.2
57.0904	0.2
57.1324	0.1
57.136	0.2
57.1416	0.3
57.1668	0.2
57.1676	0.2
57.1676	0.1
57.168	0.2
57.1704	0.3
57.1712	0.2
57.1784	0.2
57.1796	0.1
57.184	0.2
57.188	0.3
57.192	0.2
57.2984	0.2
57.346	0.1
57.4252	0.2
57.4492	0.3
57.5168	0.2
57.5568	0.2
57.6608	0.1
57.7196	0.2
57.8292	0.3
57.8748	0.2
58.014	0.2
58.1328	0.1
58.2188	0.2
58.3908	0.3
58.6064	0.2
58.7316	0.2
58.7752	0.1
58.9964	0.2
59.3836	0.2
59.6244	0.1
59.934	0.2
60.1008	0.3
60.3952	0.2
60.67	0.2
60.8996	0.1
61.1308	0.2
61.2264	0.3
61.4616	0.2
61.6872	0.2
61.856	0.1
62.0404	0.2
62.2208	0.3
62.3984	0.2
62.5172	0.2
62.5928	0.1
62.6716	0.2
62.8128	0.3
62.93	0.2
62.9904	0.2
63.0736	0.1
63.158	0.2
63.1936	0.3
63.2492	0.2
63.3216	0.2
63.3816	0.1
63.452	0.2
63.5168	0.3
63.574	0.2
63.6792	0.2
63.782	0.1
63.8784	0.2
63.9384	0.3
64.036	0.2
64.1876	0.2
64.2556	0.1
64.3488	0.2
64.4368	0.3
64.5208	0.2
64.63	0.2
64.7252	0.1
64.7948	0.2
65.0344	0.3
65.1648	0.2
65.324	0.2
65.482	0.1
65.6156	0.2
65.7552	0.2
65.8868	0.1
65.9856	0.2
66.1156	0.2
66.2432	0.1
66.3712	0.2
66.5092	0.3
66.618	0.2
66.7328	0.2
66.8028	0.1
66.9344	0.2
67.0896	0.2
67.1696	0.1
67.2976	0.2
67.4416	0.2
67.5448	0.1
67.6704	0.2
67.764	0.3
67.844	0.2
67.9008	0.2
68.0016	0.1
68.1408	0.2
68.7392	0.3
69.0012	0.2
69.2544	0.2
69.342	0.1
69.4412	0.2
69.6328	0.3
69.7776	0.2
70.1496	0.2
70.2932	0.1
70.5432	0.2
70.6576	0.3
70.8212	0.2
70.9832	0.2
71.1856	0.1
71.2884	0.2
71.5116	0.3
71.6752	0.2
71.872	0.2
72.0144	0.1
72.1896	0.2
72.3308	0.3
72.4228	0.2
72.6228	0.2
72.7912	0.1
72.8596	0.2
73.0956	0.3
73.2696	0.2
73.4256	0.2
73.5784	0.1
73.762	0.2
73.9592	0.3
74.0412	0.2
74.2	0.2
74.3416	0.1
74.5684	0.2
74.8468	0.3
75.0932	0.2
75.3296	0.2
75.4964	0.1
75.6388	0.2
75.8248	0.2
75.9916	0.1
76.1752	0.2
76.308	0.3
76.526	0.2
76.7196	0.2
76.8164	0.1
77.0456	0.2
77.1048	0.3
