Created robot #0
  Memory locations:
	Port:	6665
	Client:		0x2324880
	Pos2dProxy:	0x2329ca0
	Ranger:		0x2329f80
	Map:		0x7ffe8d56a9e0

Press any key to begin, and q to stop.
Explored (%)	Simulation Timestep (s)
0	7.4
1.9176	0.2
2.2832	0.1
2.7628	0.2
3.1872	0.2
3.7148	0.2
4.2676	0.2
4.7476	0.2
5.088	0.1
5.404	0.2
5.6044	0.2
5.7236	0.1
5.8788	0.2
6.0456	0.2
6.1372	0.1
6.3224	0.2
6.5288	0.2
6.6092	0.1
6.8256	0.2
7.0148	0.2
7.1424	0.1
7.3192	0.2
7.4572	0.2
7.5436	0.1
7.7064	0.2
7.8704	0.2
7.98	0.1
8.1468	0.2
8.3388	0.2
8.4612	0.1
8.6392	0.2
8.8296	0.2
8.9312	0.1
9.1332	0.2
9.3024	0.2
9.4076	0.1
9.6064	0.2
9.8256	0.2
9.9288	0.1
10.1124	0.2
10.2904	0.2
10.3952	0.1
10.6056	0.2
10.7896	0.2
10.898	0.1
11.1184	0.2
11.3716	0.2
11.4804	0.1
11.6532	0.2
11.856	0.2
11.9636	0.1
12.212	0.2
12.448	0.1
12.574	0.2
12.6932	0.2
12.8144	0.1
12.896	0.2
12.9972	0.2
13.0788	0.1
13.2008	0.2
13.3316	0.2
13.3988	0.1
13.5212	0.2
13.6448	0.2
13.7228	0.1
13.8364	0.2
13.9652	0.2
14.0444	0.1
14.1592	0.2
14.27	0.2
14.3292	0.1
14.4384	0.2
14.5528	0.2
14.6224	0.1
14.7232	0.2
14.8536	0.2
14.9192	0.1
15.0232	0.2
15.134	0.2
15.2032	0.1
15.3128	0.2
15.4344	0.2
15.5068	0.1
15.622	0.2
15.734	0.2
15.816	0.1
15.9272	0.2
16.0284	0.2
16.0916	0.1
16.2072	0.2
16.3204	0.2
16.3972	0.1
16.5096	0.2
16.6256	0.2
16.7012	0.1
16.816	0.2
16.9316	0.2
16.9868	0.1
17.1012	0.2
17.2184	0.2
17.268	0.1
17.38	0.2
17.5188	0.2
17.5892	0.1
17.7016	0.2
17.8168	0.2
17.8804	0.1
17.986	0.2
18.1012	0.2
18.1628	0.1
18.2796	0.2
18.4048	0.2
18.4816	0.1
18.598	0.2
18.7108	0.2
18.786	0.1
18.8844	0.2
19.0056	0.2
19.08	0.1
19.2052	0.2
19.3284	0.2
19.4004	0.1
19.5084	0.2
19.6192	0.2
19.6764	0.1
19.8036	0.2
19.9128	0.2
19.9836	0.1
20.1088	0.2
20.2344	0.2
20.306	0.1
20.4084	0.2
20.5352	0.2
20.5908	0.1
20.6956	0.2
20.808	0.2
20.898	0.1
21.014	0.2
21.1344	0.2
21.2108	0.1
21.3188	0.2
21.4344	0.2
21.5056	0.1
21.6204	0.2
21.7456	0.2
21.8148	0.1
21.9304	0.2
22.0464	0.2
22.1136	0.1
22.1576	0.1
22.2724	0.2
22.3512	0.1
22.4072	0.1
22.4736	0.1
22.5916	0.2
22.6764	0.1
22.7316	0.1
22.7948	0.1
22.9076	0.2
22.9656	0.1
23.0188	0.1
23.0748	0.1
23.19	0.2
23.2572	0.1
23.3192	0.1
23.3856	0.1
23.5	0.2
23.5816	0.1
23.646	0.1
23.7068	0.1
23.8176	0.2
23.8796	0.1
23.9412	0.1
23.9924	0.1
24.1096	0.2
24.1668	0.1
24.2352	0.1
24.282	0.1
24.4068	0.2
24.4796	0.1
24.56	0.1
24.612	0.1
24.7296	0.2
24.7908	0.1
24.8508	0.1
24.912	0.1
25.0136	0.2
25.0828	0.1
25.142	0.1
25.214	0.1
25.3212	0.2
25.4064	0.1
25.4636	0.1
25.5256	0.1
25.6364	0.2
25.7092	0.1
25.7596	0.1
25.8276	0.1
25.9264	0.2
25.9884	0.1
26.0572	0.1
26.1228	0.1
26.25	0.2
26.316	0.1
26.3788	0.1
26.4444	0.1
26.5516	0.2
26.6056	0.1
26.6708	0.1
26.7256	0.1
26.8496	0.2
26.8988	0.1
26.9752	0.1
27.03	0.1
27.1536	0.2
27.2288	0.1
27.2844	0.1
27.35	0.1
27.4524	0.2
27.5208	0.1
27.5888	0.1
27.6392	0.1
27.7408	0.2
27.8076	0.1
27.8688	0.1
27.9472	0.1
28.0644	0.2
28.14	0.1
28.1904	0.1
28.256	0.1
28.362	0.2
28.4244	0.1
28.4904	0.1
28.548	0.1
28.6648	0.2
28.7372	0.1
28.8044	0.1
28.8596	0.1
28.9744	0.2
29.034	0.1
29.0892	0.1
29.1672	0.1
29.2736	0.2
29.3312	0.1
29.3988	0.1
29.4608	0.1
29.5732	0.2
29.652	0.1
29.7204	0.1
29.7768	0.1
29.8912	0.2
29.9544	0.1
30.0076	0.1
30.0612	0.1
30.1676	0.2
30.2344	0.1
30.3092	0.1
30.364	0.1
30.4696	0.2
30.5464	0.1
30.6196	0.1
30.6904	0.1
30.7952	0.2
30.8672	0.1
30.9156	0.1
30.9768	0.1
31.0836	0.2
31.1536	0.1
31.2032	0.1
31.2728	0.1
31.3976	0.2
31.472	0.1
31.5324	0.1
31.6024	0.1
31.694	0.2
31.7688	0.1
31.8276	0.1
31.888	0.1
32.0076	0.2
32.068	0.1
32.1208	0.1
32.1804	0.1
32.3124	0.2
32.3684	0.1
32.4412	0.1
32.498	0.1
32.6	0.2
32.6784	0.1
32.7448	0.1
32.796	0.1
32.9168	0.2
32.9896	0.1
33.032	0.1
33.0972	0.1
33.2156	0.2
33.288	0.1
33.3528	0.1
33.4164	0.1
33.51	0.2
33.5956	0.1
33.6456	0.1
33.7108	0.1
33.824	0.2
33.9044	0.1
33.9404	0.1
34.0156	0.1
34.1284	0.2
34.206	0.1
34.268	0.1
34.3236	0.1
34.4348	0.2
34.504	0.1
34.5624	0.1
34.6288	0.1
34.732	0.2
34.7968	0.1
34.8672	0.1
34.9392	0.1
35.0548	0.2
35.1068	0.1
35.1796	0.1
35.2324	0.1
35.3428	0.2
35.4152	0.1
35.4668	0.1
35.5328	0.1
35.6364	0.2
35.7156	0.1
35.7804	0.1
35.8436	0.1
35.9492	0.2
36.0236	0.1
36.0796	0.1
36.132	0.1
36.2436	0.2
36.3248	0.1
36.3812	0.1
36.4432	0.1
36.5504	0.2
36.6244	0.1
36.6952	0.1
36.7632	0.1
36.8756	0.2
36.9416	0.1
36.9932	0.1
37.0456	0.1
37.1604	0.2
37.2216	0.1
37.2812	0.1
37.3576	0.1
37.472	0.2
37.5472	0.1
37.61	0.1
37.6676	0.1
37.7856	0.2
37.852	0.1
37.912	0.1
37.9604	0.1
38.0752	0.2
38.1388	0.1
38.1992	0.1
38.2496	0.1
38.3644	0.2
38.4444	0.1
38.5196	0.1
38.5784	0.1
38.6936	0.2
38.7576	0.1
38.8136	0.1
38.8744	0.1
38.9796	0.2
39.0572	0.1
39.1192	0.1
39.166	0.1
39.2808	0.2
39.3588	0.1
39.4136	0.1
39.4852	0.1
39.6008	0.2
39.6736	0.1
39.724	0.1
39.7888	0.1
39.89	0.2
39.9636	0.1
40.0336	0.1
40.0748	0.1
40.2076	0.2
40.2704	0.1
40.3388	0.1
40.4044	0.1
40.5164	0.2
40.5704	0.1
40.6352	0.1
40.688	0.1
40.806	0.2
40.866	0.1
40.9412	0.1
40.9952	0.1
41.1192	0.2
41.192	0.1
41.2504	0.1
41.316	0.1
41.4176	0.2
41.4828	0.1
41.588	0.2
41.704	0.2
41.8164	0.2
41.9052	0.1
42.0208	0.2
42.14	0.2
42.2156	0.1
42.3224	0.2
42.4376	0.2
42.5088	0.1
42.6232	0.2
42.7356	0.2
42.808	0.1
42.9232	0.2
43.046	0.2
43.114	0.1
43.2296	0.2
43.3404	0.2
43.4048	0.1
43.5256	0.2
43.6468	0.2
43.7244	0.1
43.8352	0.2
43.9552	0.2
44.0148	0.1
44.1184	0.2
44.2392	0.2
44.2996	0.1
44.4204	0.2
44.5592	0.2
44.6316	0.1
44.744	0.2
44.8468	0.2
44.9284	0.1
45.0404	0.2
45.1448	0.2
45.2232	0.1
45.3368	0.2
45.4612	0.2
45.5388	0.1
45.6488	0.2
45.7556	0.2
45.836	0.1
45.9484	0.2
46.06	0.2
46.1364	0.1
46.484	0.2
46.7928	0.2
47.0024	0.1
47.1032	0.2
47.246	0.2
47.286	0.1
47.4508	0.2
47.5832	0.2
47.6284	0.1
47.696	0.2
47.7624	0.2
47.8044	0.1
47.8484	0.2
47.8728	0.2
47.8836	0.1
47.8872	0.2
47.9044	0.2
47.9052	0.1
47.9072	0.2
47.912	0.2
47.9128	0.1
47.9128	0.2
47.9128	0.2
47.9128	0.1
47.9144	0.2
47.9144	0.2
47.9144	0.1
47.9144	0.2
47.9148	0.2
47.9148	0.1
47.9148	0.2
47.9148	0.2
47.9148	0.1
47.9156	0.2
47.9176	0.2
47.9184	0.1
47.9216	0.2
47.9244	0.2
47.9276	0.1
47.9332	0.2
47.9408	0.2
47.9436	0.1
47.9524	0.2
47.9608	0.2
47.9656	0.1
47.9792	0.2
47.994	0.2
48	0.1
48.0144	0.2
48.0284	0.2
48.0368	0.1
48.0548	0.2
48.074	0.2
48.0816	0.1
48.102	0.2
48.1196	0.2
48.1304	0.1
48.1476	0.2
48.174	0.2
48.18	0.1
48.204	0.2
48.222	0.2
48.2376	0.1
48.2592	0.2
48.2856	0.2
48.2944	0.1
48.32	0.2
48.3444	0.2
48.3564	0.1
48.3824	0.2
48.41	0.2
48.4264	0.1
48.4532	0.2
48.4812	0.2
48.4968	0.1
48.5256	0.2
48.5568	0.2
48.564	0.1
48.6016	0.2
48.6256	0.2
48.6452	0.1
48.672	0.2
48.714	0.2
48.7216	0.1
48.7596	0.2
48.788	0.2
48.8036	0.1
48.8364	0.2
48.8788	0.2
48.89	0.1
48.9228	0.2
48.958	0.2
48.98	0.1
49.0144	0.2
49.0536	0.2
49.074	0.1
49.1064	0.2
49.1472	0.2
49.1652	0.1
49.1976	0.2
49.2456	0.2
49.2612	0.1
49.3048	0.2
49.3352	0.2
49.3628	0.1
49.3984	0.2
49.4452	0.2
49.458	0.1
49.5092	0.2
49.5364	0.2
49.5656	0.1
49.6036	0.2
49.652	0.2
49.6712	0.1
49.7204	0.2
49.7572	0.2
49.7748	0.1
49.8276	0.2
49.8696	0.2
49.8896	0.1
49.9376	0.2
49.988	0.2
50.0104	0.1
50.0532	0.2
50.1012	0.2
50.1216	0.1
50.1768	0.2
50.2228	0.2
50.2524	0.1
50.2828	0.2
50.3476	0.2
50.3592	0.1
50.418	0.2
50.4568	0.2
50.494	0.1
50.536	0.2
50.588	0.2
50.6204	0.1
50.6664	0.2
50.716	0.2
50.7388	0.1
50.8032	0.2
50.8344	0.2
50.8664	0.1
50.9232	0.2
50.9752	0.2
51.0076	0.1
51.0548	0.2
51.1068	0.2
51.1224	0.1
51.1992	0.2
51.2376	0.2
51.2736	0.1
51.3188	0.2
51.394	0.2
51.4096	0.1
51.4676	0.2
51.5196	0.2
51.5504	0.1
51.6096	0.2
51.6648	0.2
51.708	0.1
51.7456	0.2
51.8168	0.2
51.8404	0.1
51.8932	0.2
51.9424	0.2
51.9804	0.1
52.0408	0.2
52.0864	0.2
52.136	0.1
52.1752	0.2
52.2408	0.2
52.2608	0.1
52.3432	0.2
52.3728	0.2
52.4136	0.1
52.4672	0.2
52.5256	0.2
52.5628	0.1
52.6196	0.2
52.6772	0.2
52.7028	0.1
52.7784	0.2
52.8232	0.2
52.8592	0.1
52.9196	0.2
53.002	0.2
53.0316	0.1
53.0776	0.2
53.138	0.2
53.172	0.1
53.2532	0.2
53.306	0.2
53.3632	0.1
53.396	0.2
53.48	0.2
53.5076	0.1
53.5724	0.2
53.6352	0.2
53.6788	0.1
53.7444	0.2
53.7924	0.2
53.85	0.1
53.9044	0.2
53.9844	0.2
54.018	0.1
54.1028	0.2
54.1368	0.2
54.1808	0.1
54.2576	0.2
54.3316	0.2
54.3804	0.1
54.4328	0.2
54.5032	0.2
54.528	0.1
54.6316	0.2
54.6904	0.2
54.7444	0.1
54.8104	0.2
54.924	0.2
54.9512	0.1
55.0268	0.2
55.1064	0.2
55.1456	0.1
55.2288	0.2
55.3084	0.2
55.3668	0.1
55.428	0.2
55.536	0.2
55.5704	0.1
55.6504	0.2
55.7228	0.2
55.7668	0.1
55.846	0.2
55.9344	0.2
55.9984	0.1
56.0512	0.2
56.1428	0.2
56.1828	0.1
56.288	0.2
56.3436	0.2
56.3976	0.1
56.472	0.2
56.5628	0.2
56.6112	0.1
56.6844	0.2
56.7792	0.2
56.8112	0.1
56.9176	0.2
56.9852	0.2
57.0496	0.1
57.1304	0.2
57.2424	0.2
57.2788	0.1
57.366	0.2
57.4472	0.2
57.4924	0.1
57.5972	0.2
57.6972	0.2
57.7604	0.1
57.818	0.2
57.9284	0.2
57.9748	0.1
58.0696	0.2
58.1588	0.2
58.2088	0.1
58.2912	0.2
58.5996	0.2
58.8748	0.1
58.9872	0.2
59.0036	0.2
59.1764	0.1
59.202	0.2
59.2376	0.2
59.2764	0.1
59.328	0.2
59.3556	0.2
59.4412	0.1
59.4632	0.2
59.4992	0.2
59.5	0.1
59.5	0.2
59.5	0.2
59.5	0.1
59.5	0.2
59.5012	0.2
59.502	0.1
59.5052	0.2
59.5068	0.2
59.5096	0.1
59.5148	0.2
59.5184	0.2
59.5188	0.1
59.5192	0.2
59.5212	0.2
59.5212	0.1
59.5228	0.2
59.5236	0.2
59.5236	0.1
59.5244	0.2
59.5244	0.2
59.5244	0.1
59.5248	0.2
59.526	0.2
59.526	0.1
59.5264	0.2
59.5264	0.2
59.5264	0.1
59.5264	0.2
59.5264	0.2
59.5264	0.1
59.5264	0.2
59.5264	0.2
59.5264	0.1
59.5264	0.2
59.5264	0.2
59.5264	0.1
59.5264	0.2
59.5264	0.2
59.5264	0.1
59.5264	0.2
59.5264	0.2
59.5264	0.1
59.5264	0.2
59.5264	0.2
59.5264	0.1
59.5264	0.2
59.5264	0.2
59.5264	0.1
59.5264	0.2
59.5264	0.2
59.5264	0.1
59.5264	0.2
59.5264	0.2
59.5264	0.1
59.5264	0.2
59.5264	0.2
59.5264	0.2
59.5264	0.2
59.5264	0.2
59.5264	0.1
59.5264	0.2
59.5264	0.2
59.5264	0.1
59.5264	0.2
59.5264	0.2
59.5264	0.1
59.5264	0.2
59.5264	0.2
59.5264	0.1
59.5264	0.2
59.5264	0.2
59.5264	0.1
59.5264	0.2
59.5264	0.2
59.5264	0.1
59.5264	0.2
59.5264	0.2
59.5264	0.1
59.5264	0.2
59.5264	0.2
59.5264	0.1
59.5264	0.2
59.5264	0.2
59.5264	0.1
59.5264	0.2
59.5264	0.2
59.5264	0.1
59.5264	0.2
59.5264	0.2
59.5264	0.1
59.5264	0.2
59.5272	0.2
59.5292	0.1
59.5324	0.2
59.5384	0.2
59.5424	0.1
59.5508	0.2
59.5608	0.2
59.5684	0.1
59.5796	0.2
59.59	0.2
59.6016	0.1
59.6164	0.2
59.6336	0.2
59.648	0.1
59.6684	0.2
59.6964	0.2
59.7108	0.1
59.7368	0.2
59.7688	0.2
59.7868	0.1
59.8284	0.2
59.874	0.2
59.8932	0.1
59.926	0.2
59.9792	0.2
59.9988	0.1
60.0496	0.2
60.112	0.2
60.1428	0.1
60.1988	0.2
60.2588	0.2
60.2976	0.1
60.3676	0.2
60.4152	0.2
60.472	0.1
60.5212	0.2
60.5984	0.2
60.6436	0.1
60.714	0.2
60.808	0.2
60.8332	0.1
60.916	0.2
61.0052	0.2
61.0548	0.1
61.1508	0.2
61.226	0.2
61.2784	0.1
61.364	0.2
61.4544	0.2
61.5108	0.1
61.6048	0.2
61.696	0.2
61.752	0.1
61.8424	0.2
61.95	0.2
62.0048	0.1
62.1004	0.2
62.2016	0.2
62.2688	0.1
62.3516	0.2
62.4636	0.2
62.5196	0.1
62.6348	0.2
62.7508	0.2
62.7964	0.1
62.9192	0.2
63.0248	0.2
63.0952	0.1
63.1924	0.2
63.2916	0.2
63.366	0.1
63.462	0.2
63.5776	0.2
63.6556	0.1
63.7424	0.2
63.8604	0.2
63.9112	0.1
64.0464	0.2
64.1728	0.2
64.24	0.1
64.3404	0.2
64.4576	0.2
64.5072	0.1
64.6344	0.2
64.768	0.2
64.8288	0.1
64.9344	0.2
65.0448	0.2
65.1064	0.1
65.228	0.2
65.3372	0.2
65.4228	0.1
65.5128	0.2
65.6264	0.2
65.7092	0.1
65.8204	0.2
65.9608	0.2
66.0124	0.1
66.1256	0.2
66.2436	0.2
66.322	0.1
66.44	0.2
66.546	0.2
66.6108	0.1
66.7264	0.2
66.8484	0.2
66.9184	0.1
67.0388	0.2
67.1544	0.2
67.2188	0.1
67.3344	0.2
67.46	0.2
67.5332	0.1
67.6292	0.2
67.7596	0.2
67.8236	0.1
67.9196	0.2
68.0592	0.2
68.124	0.1
68.2492	0.2
68.3748	0.2
68.4292	0.1
68.5576	0.2
68.6692	0.2
68.7492	0.1
68.8604	0.2
68.9648	0.2
69.048	0.1
69.1572	0.2
69.278	0.2
69.3424	0.1
69.4408	0.2
69.5632	0.2
69.6164	0.1
69.7588	0.2
69.8924	0.2
69.9556	0.1
70.0756	0.2
70.1872	0.2
70.2364	0.1
70.366	0.2
70.5056	0.2
70.572	0.1
70.6928	0.2
70.79	0.2
70.88	0.1
70.9804	0.2
71.0888	0.2
71.1732	0.1
71.2644	0.2
71.384	0.2
71.4636	0.1
71.578	0.2
71.7212	0.2
71.7672	0.1
71.8868	0.2
72.0112	0.2
72.088	0.1
72.2092	0.2
72.3152	0.2
72.3792	0.1
72.486	0.2
72.6132	0.2
72.6744	0.1
72.7992	0.2
72.9156	0.2
72.9848	0.1
73.0984	0.2
73.222	0.2
73.2984	0.1
73.4036	0.2
73.702	0.2
74.0364	0.1
74.3248	0.2
74.5952	0.2
74.6932	0.1
74.756	0.2
74.826	0.2
74.8608	0.1
74.9832	0.2
75.0128	0.2
75.0344	0.1
75.0864	0.2
75.1232	0.2
75.1444	0.1
75.1548	0.2
75.1628	0.2
75.1708	0.1
75.1792	0.2
75.2024	0.2
75.2224	0.1
75.25	0.2
75.2688	0.2
75.2764	0.1
75.2916	0.2
75.3092	0.2
75.316	0.1
75.3268	0.2
75.3388	0.2
75.3452	0.1
75.3548	0.2
75.3676	0.2
75.3728	0.1
75.3832	0.2
75.396	0.2
75.4024	0.1
75.4128	0.2
75.426	0.2
75.4312	0.1
75.446	0.2
75.4572	0.2
75.4628	0.1
75.4776	0.2
75.4888	0.2
75.4932	0.1
75.5092	0.2
75.5208	0.2
75.5272	0.1
75.5432	0.2
75.5544	0.2
75.5596	0.1
75.5696	0.2
75.5792	0.2
75.5836	0.1
75.59	0.2
75.596	0.2
75.6028	0.1
75.6088	0.2
75.614	0.2
75.6196	0.1
75.626	0.2
75.6328	0.2
75.6372	0.1
75.6404	0.2
75.6436	0.2
75.6452	0.1
75.6488	0.2
75.6512	0.2
75.652	0.1
75.656	0.2
75.6588	0.2
75.6604	0.1
75.6632	0.2
75.666	0.2
75.6676	0.1
75.6708	0.2
75.6712	0.2
75.6716	0.1
75.672	0.2
75.6728	0.2
75.6728	0.1
75.6732	0.2
75.674	0.2
75.674	0.1
75.674	0.2
75.674	0.2
75.6744	0.1
75.6748	0.2
75.6748	0.2
75.6752	0.1
75.6752	0.2
75.6752	0.2
75.6752	0.1
75.6752	0.2
75.6752	0.2
75.6752	0.1
75.6752	0.2
75.6752	0.2
75.6752	0.1
75.6752	0.2
75.6752	0.2
75.6752	0.1
75.6752	0.2
75.6752	0.2
75.6752	0.1
75.6752	0.2
75.6752	0.2
75.6752	0.1
75.6752	0.2
75.6752	0.2
75.6752	0.1
75.6752	0.2
75.6752	0.2
75.6752	0.1
75.6752	0.2
75.6752	0.2
75.6752	0.1
75.6752	0.2
75.6752	0.2
75.6752	0.1
75.6752	0.2
75.6752	0.2
75.6752	0.1
75.6752	0.2
75.6752	0.2
75.6752	0.1
75.6752	0.2
75.6752	0.2
75.6752	0.1
75.6752	0.2
75.6752	0.2
75.6752	0.1
75.6752	0.2
75.6752	0.2
75.6752	0.1
75.6752	0.2
75.6752	0.2
75.6752	0.1
75.6752	0.2
75.6752	0.2
75.6752	0.1
75.6752	0.2
75.6752	0.2
75.6752	0.1
75.6752	0.2
75.6752	0.2
75.6752	0.1
75.6752	0.2
75.6752	0.2
75.6752	0.1
75.6752	0.2
75.6752	0.2
75.6752	0.1
75.6752	0.2
75.6752	0.2
75.6752	0.1
75.6752	0.2
75.6752	0.2
75.6752	0.1
75.6752	0.2
75.6752	0.2
75.6752	0.1
75.6752	0.2
75.6752	0.2
75.6752	0.1
75.6752	0.2
75.6752	0.2
75.6752	0.1
75.6752	0.2
75.6752	0.2
75.6752	0.1
75.6752	0.2
75.6752	0.2
75.6752	0.1
75.6752	0.2
75.6752	0.2
75.6752	0.1
75.6752	0.2
75.6752	0.2
75.6752	0.1
75.6752	0.2
75.6752	0.2
75.6752	0.1
75.6752	0.2
75.6752	0.2
75.6752	0.1
75.6752	0.2
75.6752	0.2
75.6752	0.1
75.6752	0.2
75.6752	0.2
75.6752	0.1
75.6752	0.2
75.6752	0.2
75.6752	0.1
75.6752	0.2
75.6752	0.2
75.6752	0.1
75.6752	0.2
75.6752	0.2
75.6752	0.1
75.6752	0.2
75.6752	0.2
75.6752	0.1
75.6752	0.2
75.6752	0.2
75.6752	0.1
75.6752	0.2
75.6752	0.2
75.6752	0.1
75.6752	0.2
75.6752	0.2
75.6752	0.1
75.6752	0.2
75.6752	0.2
75.6752	0.1
75.6752	0.2
75.6752	0.2
75.6752	0.1
75.6752	0.2
75.6752	0.2
75.6752	0.1
75.6752	0.2
75.6752	0.2
75.6752	0.1
75.6752	0.2
75.6752	0.2
75.6752	0.1
75.6752	0.2
75.6752	0.2
75.6752	0.1
75.6752	0.2
75.6752	0.2
75.6752	0.1
75.6752	0.2
75.6752	0.2
75.6752	0.1
75.6752	0.2
75.6752	0.2
75.6752	0.1
75.6752	0.2
75.6752	0.2
75.6752	0.1
75.6752	0.2
75.6752	0.2
75.6752	0.1
75.6752	0.2
75.6752	0.2
75.6752	0.1
75.6752	0.2
75.6752	0.2
75.6752	0.1
75.6752	0.2
75.6752	0.2
75.6752	0.1
75.6756	0.2
75.6764	0.2
75.6792	0.1
75.6844	0.2
75.692	0.2
75.696	0.1
75.7044	0.2
75.7152	0.2
75.7264	0.1
75.7416	0.2
75.756	0.2
75.7696	0.1
75.7888	0.2
75.8088	0.2
75.8308	0.1
75.8576	0.2
75.8844	0.2
75.9168	0.1
75.9496	0.2
75.9804	0.2
76.0108	0.1
76.0448	0.2
76.0868	0.2
76.1176	0.1
76.1624	0.2
76.208	0.2
76.2508	0.1
76.2988	0.2
76.3452	0.2
76.3772	0.1
76.4312	0.2
76.4888	0.2
76.5188	0.1
76.5796	0.2
76.6312	0.2
76.67	0.1
76.728	0.2
76.798	0.2
76.8364	0.1
76.8992	0.2
76.9716	0.2
76.998	0.1
77.074	0.2
77.1412	0.2
77.1692	0.1
77.2552	0.2
77.3372	0.2
77.3644	0.1
77.4632	0.2
77.5376	0.2
77.5724	0.1
77.6552	0.2
77.752	0.2
77.7956	0.1
77.888	0.2
78.004	0.2
78.0508	0.1
78.1312	0.2
78.4412	0.2
78.5404	0.1
78.6808	0.2
78.812	0.2
79.0356	0.1
79.188	0.2
79.2828	0.2
79.4024	0.1
79.4728	0.2
79.5204	0.2
79.5352	0.1
79.566	0.2
79.6016	0.2
79.6136	0.1
79.6468	0.2
79.6904	0.2
79.7188	0.1
79.7748	0.2
79.8348	0.2
79.8632	0.1
79.934	0.2
80.0064	0.2
80.0256	0.1
80.0868	0.2
80.1332	0.2
80.1652	0.1
80.2128	0.2
80.2584	0.2
80.292	0.1
80.3364	0.2
80.3776	0.2
80.4168	0.1
80.4556	0.2
80.5084	0.2
80.5392	0.1
80.5896	0.2
80.6512	0.2
80.676	0.1
80.7264	0.2
80.7808	0.2
80.808	0.1
80.856	0.2
80.9064	0.2
80.9428	0.1
80.992	0.2
81.0452	0.2
81.0708	0.1
81.1236	0.2
81.19	0.2
81.2108	0.1
81.2672	0.2
81.322	0.2
81.3608	0.1
81.404	0.2
81.444	0.2
81.478	0.1
81.5288	0.2
81.5724	0.2
81.6096	0.1
81.6572	0.2
81.7152	0.2
81.734	0.1
81.8016	0.2
81.8512	0.2
81.8904	0.1
81.9316	0.2
81.9864	0.2
82.0196	0.1
82.0652	0.2
82.122	0.2
82.1508	0.1
82.2036	0.2
82.2692	0.2
82.2924	0.1
82.3592	0.2
82.4068	0.2
82.432	0.1
82.492	0.2
82.5392	0.2
82.5832	0.1
82.6276	0.2
82.6744	0.2
82.7132	0.1
82.7536	0.2
82.83	0.2
82.8488	0.1
82.9072	0.2
83.06	0.2
83.1612	0.1
83.2976	0.2
83.3196	0.2
83.3816	0.1
83.3824	0.2
83.3852	0.2
83.3908	0.1
83.4036	0.2
83.4116	0.2
83.4116	0.1
83.4168	0.2
83.42	0.2
83.4252	0.1
83.4316	0.2
83.4392	0.2
83.4396	0.1
83.4432	0.2
83.444	0.2
83.444	0.1
83.4444	0.2
83.4448	0.2
83.4452	0.1
83.4456	0.2
83.446	0.2
83.446	0.1
83.446	0.2
83.446	0.2
83.446	0.1
83.446	0.2
83.446	0.2
83.446	0.1
83.446	0.2
83.446	0.2
83.446	0.1
83.446	0.2
83.446	0.2
83.446	0.1
83.446	0.2
83.446	0.2
83.446	0.1
83.446	0.2
83.446	0.2
83.446	0.1
83.446	0.2
83.446	0.2
83.446	0.1
83.446	0.2
83.446	0.2
83.446	0.1
83.446	0.2
83.446	0.2
83.446	0.1
83.446	0.2
83.446	0.2
83.446	0.1
83.446	0.2
83.446	0.2
83.446	0.1
83.446	0.2
83.446	0.2
83.446	0.1
83.446	0.2
83.446	0.2
83.446	0.1
83.446	0.2
83.446	0.2
83.446	0.1
83.446	0.2
83.446	0.2
83.446	0.1
83.446	0.2
83.446	0.2
83.446	0.1
83.446	0.2
83.446	0.2
83.446	0.1
83.446	0.2
83.446	0.2
83.446	0.1
83.446	0.2
83.446	0.2
83.446	0.1
83.446	0.2
83.446	0.2
83.446	0.1
83.446	0.2
83.446	0.2
83.446	0.1
83.446	0.2
83.446	0.2
83.446	0.1
83.446	0.2
83.446	0.2
83.446	0.1
83.446	0.2
83.446	0.2
83.446	0.1
83.446	0.2
83.446	0.2
83.446	0.1
83.446	0.2
83.446	0.2
83.446	0.1
83.446	0.2
83.446	0.2
83.446	0.1
83.446	0.2
83.446	0.2
83.446	0.1
83.446	0.2
83.446	0.2
83.446	0.1
83.446	0.2
83.446	0.2
83.446	0.1
83.446	0.2
83.446	0.2
83.446	0.1
83.446	0.2
83.446	0.2
83.446	0.1
83.446	0.2
83.4468	0.2
83.4476	0.1
83.4496	0.2
83.4516	0.2
83.454	0.1
83.4564	0.2
83.4592	0.2
83.4592	0.1
83.4628	0.2
83.4668	0.2
83.4712	0.1
83.476	0.2
83.4812	0.2
83.4864	0.1
83.4932	0.2
83.5012	0.2
83.5028	0.1
83.512	0.2
83.5224	0.2
83.5308	0.1
83.5424	0.2
83.5556	0.2
83.5692	0.1
83.5852	0.2
83.602	0.2
83.6108	0.1
83.63	0.2
83.6508	0.2
83.6616	0.1
83.6856	0.2
83.714	0.2
83.7328	0.1
83.7564	0.2
83.7792	0.2
83.7936	0.1
83.8176	0.2
83.842	0.2
83.8548	0.1
83.8824	0.2
83.9084	0.1
83.936	0.2
83.9708	0.2
83.986	0.1
84.014	0.2
84.0432	0.2
84.0584	0.1
84.0888	0.2
84.1188	0.2
84.1448	0.1
84.1744	0.2
84.2096	0.2
84.226	0.1
84.2588	0.2
84.2952	0.2
84.3116	0.1
84.3436	0.2
84.3768	0.2
84.406	0.1
84.4388	0.2
84.4756	0.2
84.492	0.1
84.522	0.2
84.556	0.2
84.5752	0.1
84.61	0.2
84.6448	0.2
84.6712	0.1
84.7068	0.2
84.7444	0.2
84.7624	0.1
84.7944	0.2
84.83	0.2
84.8476	0.1
84.8804	0.2
84.9156	0.2
84.9412	0.1
84.9772	0.2
85.014	0.2
85.032	0.1
85.0632	0.2
85.0992	0.2
85.116	0.1
85.148	0.2
85.1856	0.2
85.2064	0.1
85.2436	0.2
85.2772	0.2
85.296	0.1
85.328	0.2
85.362	0.2
85.378	0.1
85.4092	0.2
85.446	0.2
85.4672	0.1
85.5032	0.2
85.5352	0.2
85.5512	0.1
85.584	0.2
85.626	0.2
85.6376	0.1
85.6688	0.2
85.7052	0.2
85.7252	0.1
85.7612	0.2
85.7928	0.2
85.8092	0.1
85.8428	0.2
85.8784	0.2
85.8896	0.1
85.9224	0.2
85.9644	0.2
85.9884	0.1
86.0248	0.2
86.0568	0.2
86.0744	0.1
86.1008	0.2
86.156	0.2
86.23	0.1
86.2452	0.2
86.2536	0.2
86.27	0.1
86.2916	0.2
86.2964	0.2
86.2968	0.1
86.2968	0.2
86.2968	0.2
86.2968	0.1
86.2968	0.2
86.2968	0.2
86.2968	0.1
86.2968	0.2
86.2968	0.2
86.2976	0.1
86.2976	0.2
86.2988	0.2
86.2988	0.1
86.2988	0.2
86.2988	0.2
86.2988	0.1
86.2988	0.2
86.2988	0.2
86.2988	0.1
86.2988	0.2
86.2988	0.2
86.2988	0.1
86.2988	0.2
86.2988	0.2
86.2988	0.1
86.2988	0.2
86.2988	0.2
86.2988	0.1
86.2988	0.2
86.2988	0.2
86.2988	0.1
86.2988	0.2
86.2988	0.2
86.2988	0.1
86.2988	0.2
86.2988	0.2
86.2988	0.1
86.2988	0.2
86.2988	0.2
86.2988	0.1
86.2988	0.2
86.2988	0.2
86.2988	0.1
86.2988	0.2
86.2988	0.2
86.2988	0.1
86.2988	0.2
86.2988	0.2
86.2988	0.1
86.2988	0.2
86.2988	0.2
86.2988	0.1
86.2988	0.2
86.2988	0.2
86.2988	0.1
86.2988	0.2
86.2988	0.2
86.2988	0.1
86.2988	0.2
86.2988	0.2
86.2988	0.1
86.2988	0.2
86.2988	0.2
86.2988	0.1
86.2988	0.2
86.3012	0.2
86.3024	0.1
86.3064	0.2
86.3132	0.2
86.316	0.1
86.328	0.2
86.3404	0.2
86.35	0.1
86.364	0.2
86.3788	0.2
86.3916	0.1
86.4112	0.2
86.4344	0.2
86.4496	0.1
86.4736	0.2
86.5016	0.2
86.5212	0.1
86.5564	0.2
86.6044	0.2
86.6228	0.1
86.6516	0.2
86.7048	0.2
86.7236	0.1
86.7748	0.2
86.8168	0.2
86.8532	0.1
86.892	0.2
86.9348	0.2
86.9688	0.1
87.0116	0.2
87.0664	0.2
87.098	0.1
87.1428	0.2
87.19	0.2
87.2212	0.1
87.2764	0.2
87.342	0.2
87.3564	0.1
87.4032	0.2
87.4732	0.2
87.5004	0.1
87.5644	0.2
87.6164	0.2
87.6508	0.1
87.7016	0.2
87.7504	0.2
87.796	0.1
87.8412	0.2
87.8976	0.2
87.9368	0.1
87.9768	0.2
88.0224	0.2
88.0604	0.1
88.2316	0.2
88.4432	0.2
88.5068	0.1
88.5544	0.2
88.6324	0.2
88.6948	0.1
88.6996	0.2
88.7004	0.2
88.704	0.1
88.7212	0.2
88.7396	0.2
88.7424	0.1
88.7432	0.2
88.744	0.2
88.7452	0.1
88.7464	0.2
88.7464	0.2
88.7464	0.1
88.7464	0.2
88.7464	0.2
88.7464	0.1
88.7464	0.2
88.7464	0.2
88.7464	0.1
88.7464	0.2
88.7464	0.2
88.7464	0.1
88.7464	0.2
88.7464	0.2
88.7464	0.1
88.7464	0.2
88.7464	0.2
88.7464	0.1
88.7464	0.2
88.7464	0.2
88.7464	0.1
88.7464	0.2
88.7464	0.2
88.7464	0.1
88.7464	0.2
88.7464	0.2
88.7464	0.1
88.7464	0.2
88.7464	0.2
88.7464	0.1
88.7464	0.2
88.7464	0.2
88.7464	0.1
88.7464	0.2
88.7464	0.2
88.7464	0.1
88.7464	0.2
88.7464	0.2
88.7464	0.1
88.7464	0.2
88.7464	0.2
88.7464	0.1
88.7464	0.2
88.7464	0.2
88.7464	0.1
88.7464	0.2
88.7464	0.2
88.7464	0.1
88.7464	0.2
88.7464	0.2
88.7464	0.1
88.7464	0.2
88.7464	0.2
88.7464	0.1
88.7464	0.2
88.7464	0.2
88.7464	0.1
88.7464	0.2
88.7464	0.2
88.7464	0.1
88.7464	0.2
88.7464	0.2
88.7464	0.1
88.7464	0.2
88.7464	0.2
88.7464	0.1
88.7464	0.2
88.7464	0.2
88.7464	0.1
88.7464	0.2
88.7464	0.2
88.7464	0.1
88.7464	0.2
88.7464	0.2
88.7464	0.1
88.7464	0.2
88.7464	0.2
88.7464	0.1
88.7464	0.2
88.7464	0.2
88.7464	0.1
88.7464	0.2
88.7464	0.2
88.7464	0.1
88.7464	0.2
88.7464	0.2
88.7464	0.1
88.7464	0.2
88.7464	0.2
88.7464	0.1
88.7464	0.2
88.7464	0.2
88.7464	0.1
88.7464	0.2
88.7464	0.2
88.7464	0.1
88.7464	0.2
88.7464	0.2
88.7464	0.1
88.7464	0.2
88.7464	0.2
88.7464	0.1
88.7464	0.2
88.7464	0.2
88.7464	0.1
88.7464	0.2
88.7464	0.2
88.7464	0.1
88.7464	0.2
88.7464	0.2
88.7464	0.1
88.7464	0.2
88.7464	0.2
88.7464	0.1
88.7464	0.2
88.7464	0.2
88.7464	0.1
88.7464	0.2
88.7464	0.2
88.7464	0.1
88.7464	0.2
88.7464	0.2
88.7464	0.1
88.7464	0.2
88.7464	0.2
88.7464	0.1
88.7464	0.2
88.7464	0.2
88.7464	0.1
88.7464	0.2
88.7464	0.2
88.7464	0.1
88.7464	0.2
88.7464	0.2
88.7464	0.1
88.7464	0.2
88.7464	0.2
88.7464	0.1
88.7464	0.2
88.7464	0.2
88.7464	0.1
88.7464	0.2
88.7464	0.2
88.7464	0.1
88.7464	0.2
88.7464	0.2
88.7464	0.1
88.7464	0.2
88.7464	0.2
88.7464	0.1
88.7464	0.2
88.7464	0.2
88.7464	0.1
88.7464	0.2
88.7464	0.2
88.7464	0.1
88.7464	0.2
88.7464	0.2
88.7464	0.1
88.7464	0.2
88.7464	0.2
88.7464	0.1
88.7464	0.2
88.7464	0.2
88.7464	0.1
88.7464	0.2
88.748	0.2
88.748	0.1
88.7484	0.2
88.7484	0.2
88.7492	0.1
88.7496	0.2
88.7496	0.2
88.7496	0.1
88.7496	0.2
88.7496	0.2
88.7496	0.1
88.7496	0.2
88.7496	0.2
88.7496	0.1
88.7496	0.2
88.7496	0.2
88.7496	0.1
88.7508	0.2
88.7536	0.2
88.7548	0.1
88.7552	0.2
88.7552	0.2
88.7552	0.1
88.7552	0.2
88.758	0.2
88.7596	0.1
88.7628	0.2
88.7656	0.2
88.7668	0.1
88.7716	0.2
88.7768	0.2
88.7808	0.1
88.784	0.2
88.7896	0.2
88.81	0.1
88.822	0.2
88.826	0.2
88.826	0.1
88.826	0.2
88.826	0.2
88.826	0.1
88.826	0.2
88.826	0.2
88.826	0.1
88.826	0.2
88.826	0.2
88.826	0.1
88.826	0.2
88.826	0.2
88.826	0.1
88.826	0.2
88.826	0.2
88.826	0.1
88.826	0.2
88.826	0.2
88.826	0.1
88.826	0.2
88.826	0.2
88.826	0.1
88.826	0.2
88.826	0.2
88.826	0.1
88.826	0.2
88.826	0.2
88.826	0.1
88.826	0.2
88.826	0.2
88.826	0.1
88.826	0.2
88.826	0.2
88.826	0.1
88.826	0.2
88.826	0.2
88.826	0.1
88.826	0.2
88.826	0.2
88.826	0.1
88.826	0.2
88.826	0.2
88.826	0.1
88.826	0.2
88.826	0.2
88.826	0.1
88.826	0.2
88.826	0.2
88.826	0.1
88.826	0.2
88.826	0.2
88.826	0.1
88.826	0.2
88.826	0.2
88.826	0.1
88.826	0.2
88.826	0.2
88.826	0.1
88.826	0.2
88.826	0.2
88.826	0.1
88.826	0.2
88.826	0.2
88.826	0.1
88.826	0.2
88.826	0.2
88.826	0.1
88.826	0.2
88.826	0.2
88.826	0.1
88.826	0.2
88.826	0.2
88.826	0.1
88.826	0.2
88.826	0.2
88.826	0.1
88.826	0.2
88.826	0.2
88.826	0.1
88.826	0.2
88.826	0.2
88.826	0.1
88.826	0.2
88.826	0.2
88.826	0.1
88.826	0.2
88.826	0.2
88.826	0.1
88.826	0.2
88.826	0.2
88.826	0.1
88.826	0.2
88.826	0.2
88.8264	0.1
88.8272	0.2
88.8312	0.2
88.8352	0.1
88.8352	0.2
88.8388	0.2
88.8404	0.1
88.854	0.2
88.8584	0.2
88.8604	0.1
88.8692	0.2
88.8696	0.2
88.8696	0.1
88.8696	0.2
88.8696	0.2
88.87	0.1
88.8704	0.2
88.8704	0.2
88.8704	0.1
88.8704	0.2
88.8708	0.2
88.8708	0.1
88.8708	0.2
88.8708	0.2
88.8708	0.1
88.8708	0.2
88.8708	0.2
88.8708	0.1
88.8708	0.2
88.8708	0.2
88.8708	0.1
88.8708	0.2
88.8708	0.2
88.8708	0.1
88.8708	0.2
88.8708	0.2
88.8708	0.1
88.8708	0.2
88.8708	0.2
88.8708	0.1
88.8708	0.2
88.8708	0.2
88.8708	0.1
88.8708	0.2
88.8708	0.2
88.8708	0.1
88.8708	0.2
88.8708	0.2
88.8708	0.1
88.8708	0.2
88.8708	0.2
88.8708	0.1
88.8708	0.2
88.8708	0.2
88.8708	0.1
88.8708	0.2
88.8708	0.2
88.8708	0.1
88.8708	0.2
88.8708	0.2
88.8708	0.1
88.8708	0.2
88.8708	0.2
88.8708	0.1
88.8708	0.2
88.8708	0.2
88.8708	0.1
88.8708	0.2
88.8708	0.2
88.8708	0.1
88.8708	0.2
88.8708	0.2
88.8708	0.1
88.8708	0.2
88.8708	0.2
88.8708	0.1
88.8708	0.2
88.8708	0.2
88.8708	0.1
88.8708	0.2
88.8708	0.2
88.8708	0.1
88.8708	0.2
88.8708	0.2
88.8708	0.1
88.8708	0.2
88.8708	0.2
88.8708	0.1
88.8708	0.2
88.8708	0.2
88.8708	0.1
88.8708	0.2
88.8708	0.2
88.8708	0.1
88.8708	0.2
88.8708	0.2
88.8708	0.1
88.8708	0.2
88.8708	0.2
88.8708	0.1
88.8708	0.2
88.8708	0.2
88.8708	0.1
88.8708	0.2
88.8708	0.2
88.8708	0.1
88.8708	0.2
88.8708	0.2
88.8708	0.1
88.8708	0.2
88.8708	0.2
88.8708	0.1
88.8708	0.2
88.8708	0.2
88.8708	0.1
88.8708	0.2
88.8708	0.2
88.8708	0.1
88.8708	0.2
88.8708	0.2
88.8708	0.1
88.8708	0.2
88.8708	0.2
88.8708	0.1
88.8708	0.2
88.8708	0.2
88.8708	0.1
88.8708	0.2
88.8708	0.2
88.8708	0.1
88.8708	0.2
88.8708	0.2
88.8708	0.1
88.8708	0.2
88.8708	0.2
88.8708	0.1
88.8708	0.2
88.8708	0.2
88.8708	0.1
88.8708	0.2
88.8708	0.2
88.8708	0.1
88.8708	0.2
88.8708	0.2
88.8708	0.1
88.8708	0.2
88.8708	0.2
88.8708	0.1
88.8708	0.2
88.8708	1
88.8708	0.2
88.8708	0.1
88.8708	0.2
88.8708	0.2
88.8708	0.1
88.8708	0.2
88.8708	1
88.8708	0.2
88.8708	0.1
88.8708	0.2
88.8708	0.2
88.8708	0.1
88.8708	1.3
88.8708	0.1
88.8708	0.1
88.8708	0.2
88.8708	0.2
88.8708	0.1
88.8708	0.2
88.8708	0.2
88.8708	0.1
88.8708	0.2
88.8708	0.2
88.8708	0.1
88.8708	0.2
88.8708	0.2
88.8708	0.1
88.8708	0.2
88.8708	0.2
88.8708	0.1
88.8708	0.2
88.8708	0.2
88.8708	0.1
88.8708	0.2
88.8708	0.2
88.8708	0.1
88.8708	0.2
88.8708	0.2
88.8708	0.1
88.8708	0.2
88.8708	0.2
88.8708	0.1
88.8708	0.2
88.8708	0.2
88.8708	0.1
88.8708	0.2
88.8708	0.2
88.8708	0.1
88.8708	0.2
88.8708	0.2
88.8708	0.1
88.8708	0.2
88.8708	0.2
88.8708	0.1
88.8708	0.2
88.8708	0.2
88.8708	0.1
88.8708	0.2
88.8708	0.2
88.8708	0.1
88.8708	0.2
88.8708	0.2
88.8708	0.1
88.8708	0.2
88.8708	0.2
88.8708	0.1
88.8708	0.2
88.8708	0.2
88.8708	0.1
88.8708	0.2
88.8712	0.2
88.8712	0.1
88.8716	0.2
88.8716	0.2
88.8716	0.1
88.8716	0.2
88.8716	0.2
88.8716	0.1
88.8716	0.2
88.8716	0.2
88.8716	0.1
88.8716	0.2
88.8716	0.2
88.8716	0.1
88.8724	0.2
88.8736	0.2
88.8864	0.1
88.8892	0.2
88.8936	0.2
88.8956	0.1
88.8996	0.2
88.902	0.2
88.902	0.1
88.902	0.2
88.902	0.2
88.902	0.1
88.902	0.2
88.902	0.2
88.902	0.1
88.902	0.2
88.902	0.2
88.902	0.1
88.902	0.2
88.902	0.2
88.902	0.1
88.902	0.2
88.902	0.2
88.902	0.1
88.902	0.2
88.902	0.2
88.902	0.1
88.902	0.2
88.902	0.2
88.902	0.1
88.902	0.2
88.902	0.2
88.902	0.1
88.902	0.2
88.902	0.2
88.902	0.1
88.902	0.2
88.902	0.2
88.902	0.1
88.902	0.2
88.902	0.2
88.902	0.1
88.902	0.2
88.902	0.2
88.902	0.1
88.902	0.2
88.902	0.2
88.902	0.1
88.902	0.2
88.902	0.2
88.902	0.1
88.902	0.2
88.902	0.2
88.902	0.1
88.902	0.2
88.902	0.2
88.902	0.1
88.902	0.2
88.902	0.2
88.902	0.1
88.902	0.2
88.902	0.2
88.902	0.1
88.902	0.2
88.902	0.2
88.902	0.1
88.902	0.2
88.902	0.2
88.902	0.1
88.902	0.2
88.902	0.2
88.902	0.1
88.902	0.2
88.902	0.2
88.9024	0.1
88.9032	0.2
88.904	0.2
88.904	0.1
88.9044	0.2
88.9056	0.2
88.9056	0.1
88.9072	0.2
88.9104	0.2
88.9116	0.1
88.9156	0.2
88.9232	0.2
88.926	0.1
88.9324	0.2
88.9412	0.2
88.9448	0.1
88.9528	0.2
88.9616	0.2
88.9696	0.1
88.98	0.2
88.9908	0.2
89.0044	0.1
89.0164	0.2
89.0228	0.2
89.038	0.1
89.0612	0.2
89.0648	0.2
89.0664	0.1
89.076	0.2
89.0768	0.2
89.0768	0.1
89.0768	0.2
89.0768	0.2
89.0768	0.1
89.0768	0.2
89.0768	0.2
89.0768	0.1
89.0768	0.2
89.0768	0.2
89.0768	0.1
89.0768	0.2
89.0768	0.2
89.0768	0.1
89.0768	0.2
89.0768	0.2
89.0768	0.1
89.0768	0.2
89.0768	0.2
89.0768	0.1
89.0768	0.2
89.0768	0.2
89.0768	0.1
89.0768	0.2
89.0768	0.2
89.0768	0.1
89.0768	0.2
89.0768	0.2
89.0768	0.1
89.0768	0.2
89.0768	0.2
89.0768	0.1
89.0768	0.2
89.0768	0.2
89.0768	0.1
89.0768	0.2
89.0768	0.2
89.0768	0.1
89.0768	0.2
89.0768	0.2
89.0768	0.1
89.0768	0.2
89.0768	0.2
89.0768	0.1
89.0768	0.2
89.0768	0.2
89.0768	0.1
89.0768	0.2
89.0768	0.2
89.0768	0.1
89.0768	0.2
89.0768	0.2
89.0768	0.1
89.0768	0.2
89.0768	0.2
89.0768	0.1
89.0768	0.2
89.0768	0.2
89.0768	0.1
89.0768	0.2
89.0768	0.2
89.0768	0.1
89.0768	0.2
89.0768	0.2
89.0768	0.1
89.0768	0.2
89.0768	0.2
89.0768	0.1
89.0768	0.2
89.0768	0.2
89.0768	0.1
89.0768	0.2
89.0768	0.2
89.0768	0.1
89.0768	0.2
89.0768	0.2
89.0768	0.1
89.0768	0.2
89.0768	0.2
89.0768	0.1
89.0768	0.2
89.0768	0.2
89.0768	0.1
89.0768	0.2
89.0768	0.2
89.0768	0.1
89.0768	0.2
89.0768	0.2
89.0768	0.1
89.0768	0.2
89.0768	0.2
89.0768	0.1
89.0768	0.2
89.0768	0.2
89.0768	0.1
89.0768	0.2
89.0768	0.2
89.0768	0.1
89.0768	0.2
89.0768	0.2
89.0768	0.1
89.0768	0.2
89.0768	0.2
89.0768	0.1
89.0768	0.2
89.0768	0.2
89.0768	0.1
89.0768	0.2
89.0768	0.2
89.0768	0.1
89.0768	0.2
89.0768	0.2
89.0768	0.1
89.0768	0.4
89.0768	0.3
89.0768	0.5
89.0768	0.5
89.0768	0.5
89.0768	0.7
89.0768	0.6
89.0768	0.9
89.0768	0.6
89.0768	0.7
89.0768	0.8
89.0768	0.7
89.0768	0.7
89.0768	0.6
89.0768	0.5
89.0768	0.5
89.0768	0.7
89.0768	0.5
89.0768	0.7
89.0768	0.6
89.0768	0.7
89.0768	0.5
89.0768	0.5
89.0768	0.7
89.0768	0.6
89.0768	0.5
89.0768	0.7
89.0768	0.5
89.0768	0.5
89.0768	0.7
89.0768	0.6
89.0772	0.5
89.0804	0.5
89.0896	0.4
89.0944	0.3
89.0984	0.3
89.0984	0.2
89.0984	0.3
89.0988	0.2
89.0988	0.3
89.0988	0.2
89.0988	0.3
89.0988	0.2
89.0988	0.3
89.0988	0.2
89.0988	0.3
89.0988	0.2
89.0988	0.3
89.0988	0.2
89.0988	0.3
89.0988	0.2
89.0988	0.3
89.0988	0.2
89.0988	0.3
89.0988	0.4
89.0988	0.3
89.0988	0.3
89.0988	0.4
89.0988	0.3
89.0988	0.3
89.0988	0.2
89.0988	0.3
89.0988	0.2
89.0988	0.3
89.0988	0.4
89.0988	0.5
89.0988	0.5
89.0988	0.5
89.0988	0.6
89.0988	0.9
89.0988	0.8
89.0988	1
89.0988	0.8
89.0988	1.2
89.0988	1
89.0988	1.2
89.0988	1
89.0988	1.1
89.0988	1
89.0988	1.1
89.0988	1.1
89.0988	1
89.0988	1
89.0988	1.1
89.0988	0.9
89.0988	1.2
89.0988	1.1
89.0988	1
89.0988	1.2
89.0988	1
89.0988	1
89.0988	1
89.0988	1.3
89.0988	1
89.0988	1
89.0988	1
89.0988	1.2
89.0988	1
89.1004	1.3
89.1144	1
89.1416	1
89.1804	1.2
89.2224	1
89.2344	1
89.2464	1.2
89.2556	1.1
89.3204	1
