Created robot #0
  Memory locations:
	Port:	6665
	Client:		0x101a880
	Pos2dProxy:	0x101fca0
	Ranger:		0x101ff80
	Map:		0x7ffe8d75d370

Press any key to begin, and q to stop.
Explored (%)	Simulation Timestep (s)
0	20.7
1.8888	0.1
2.2652	0.2
3.3756	0.1
3.7416	0.2
4.0964	0.2
4.5936	0.1
4.8424	0.2
5.1384	0.2
5.3492	0.1
5.5436	0.2
5.7012	0.2
5.7828	0.1
5.9312	0.2
6.1368	0.2
6.2652	0.1
6.4108	0.2
6.568	0.2
6.6584	0.1
6.8364	0.2
6.9956	0.2
7.1028	0.1
7.3076	0.2
7.554	0.2
7.6952	0.1
7.8472	0.2
7.9756	0.2
8.0512	0.1
8.21	0.2
8.4296	0.2
8.5372	0.1
8.776	0.2
8.9464	0.2
9.0292	0.1
9.226	0.2
9.4	0.2
9.5328	0.1
9.7096	0.2
9.9608	0.2
10.0572	0.1
10.1984	0.2
10.4052	0.2
10.4852	0.1
10.6536	0.2
10.8508	0.2
10.9828	0.1
11.2536	0.2
11.566	0.2
11.7356	0.1
12.0152	0.2
12.176	0.2
12.3868	0.1
12.6112	0.2
12.772	0.2
12.8732	0.1
12.9736	0.2
13.108	0.2
13.1936	0.1
13.3496	0.2
13.576	0.2
13.708	0.1
13.8484	0.2
14.0284	0.2
14.1344	0.1
14.314	0.2
14.5432	0.2
14.6104	0.1
14.7768	0.2
14.964	0.2
15.0712	0.1
15.1624	0.1
15.3284	0.2
15.4512	0.1
15.5244	0.1
15.6924	0.1
15.9328	0.2
16.0236	0.1
16.1092	0.1
16.2456	0.1
16.5164	0.2
16.5644	0.1
16.7828	0.1
16.9904	0.1
17.1816	0.2
17.2396	0.1
17.2956	0.1
17.366	0.1
17.5268	0.2
17.686	0.1
17.7652	0.1
17.8256	0.1
17.9572	0.2
18.0568	0.1
18.1376	0.1
18.2204	0.1
18.4488	0.2
18.6716	0.1
18.9324	0.1
19.182	0.1
19.3544	0.2
19.4712	0.1
19.5764	0.1
19.6604	0.1
19.7424	0.2
19.8876	0.1
19.9416	0.1
20.0088	0.1
20.1208	0.2
20.2108	0.1
20.3132	0.1
20.3984	0.1
20.5616	0.2
20.6548	0.1
20.7344	0.1
20.8344	0.1
21.0276	0.2
21.12	0.1
21.1888	0.1
21.264	0.1
21.4476	0.2
21.5236	0.1
21.6152	0.1
21.722	0.1
21.946	0.2
22.1436	0.1
22.3588	0.1
22.4632	0.1
22.5392	0.2
22.7196	0.1
22.9496	0.1
23.2076	0.1
23.4056	0.2
23.47	0.1
23.5304	0.1
23.5768	0.1
23.6884	0.2
23.7456	0.1
23.8104	0.1
23.8948	0.1
24.0476	0.2
24.2096	0.1
24.2876	0.1
24.3672	0.1
24.582	0.2
24.776	0.1
24.886	0.1
24.9924	0.1
25.0632	0.2
25.1764	0.1
25.3484	0.1
25.5564	0.1
25.6548	0.2
25.7652	0.1
25.9164	0.1
26.0496	0.1
26.1392	0.2
26.2992	0.1
26.4404	0.1
26.5852	0.1
26.722	0.2
26.7672	0.1
26.9004	0.1
27.074	0.1
27.2392	0.2
27.3	0.1
27.36	0.1
27.4228	0.1
27.6284	0.2
27.7144	0.1
27.8088	0.1
27.89	0.1
28.0448	0.2
28.1424	0.1
28.2488	0.1
28.3348	0.1
28.4872	0.2
28.5896	0.1
28.674	0.1
28.7864	0.1
29.04	0.2
29.1844	0.1
29.3544	0.1
29.4044	0.1
29.5056	0.2
29.5848	0.1
29.6768	0.1
29.8576	0.1
30.0868	0.2
30.1732	0.1
30.3148	0.1
30.4192	0.1
30.5992	0.2
30.8336	0.1
31.0896	0.1
31.2588	0.1
31.3536	0.2
31.4056	0.1
31.5124	0.1
31.7344	0.1
31.9104	0.2
31.9684	0.1
32.0184	0.1
32.0616	0.1
32.1636	0.2
32.2616	0.1
32.34	0.1
32.4172	0.1
32.6412	0.2
32.772	0.1
32.9088	0.1
32.982	0.1
33.1232	0.2
33.3388	0.1
33.6012	0.1
33.8412	0.1
34.0768	0.2
34.1188	0.1
34.1592	0.1
34.2124	0.1
34.3216	0.2
34.408	0.1
34.552	0.2
34.7304	0.2
34.8	0.1
34.8912	0.1
34.9612	0.1
35.124	0.2
35.2428	0.1
35.3184	0.1
35.4116	0.1
35.6408	0.2
35.72	0.1
35.8216	0.1
35.8796	0.1
36.0244	0.2
36.1372	0.1
36.2764	0.1
36.456	0.1
36.6968	0.2
36.7944	0.1
36.9824	0.1
37.1848	0.1
37.4332	0.2
37.5112	0.1
37.5712	0.1
37.7348	0.1
37.944	0.2
38.006	0.1
38.0488	0.1
38.092	0.1
38.2068	0.2
38.2992	0.1
38.3812	0.1
38.4508	0.1
38.6312	0.2
38.7244	0.1
38.8268	0.1
39.0232	0.1
39.3188	0.2
39.3972	0.1
39.4612	0.1
39.6324	0.1
39.8212	0.2
39.88	0.1
39.9572	0.1
40.0652	0.1
40.1792	0.2
40.3336	0.1
40.4852	0.1
40.6372	0.1
40.7752	0.2
40.9704	0.1
41.166	0.1
41.3316	0.1
41.5036	0.2
41.5388	0.1
41.578	0.1
41.6296	0.1
41.7512	0.2
41.8572	0.1
41.9412	0.1
42.02	0.1
42.1736	0.2
42.28	0.1
42.3688	0.1
42.4508	0.1
42.6252	0.2
42.728	0.1
42.838	0.1
42.9748	0.1
43.1616	0.2
43.2392	0.1
43.3212	0.1
43.4412	0.1
43.6064	0.2
43.8036	0.1
44.0064	0.1
44.1396	0.1
44.208	0.2
44.348	0.1
44.5644	0.1
44.6464	0.1
44.8352	0.2
44.944	0.1
45.1104	0.1
45.3	0.1
45.5028	0.2
45.5612	0.1
45.596	0.1
45.6336	0.1
45.7356	0.2
45.8248	0.1
45.8892	0.1
45.964	0.1
46.1724	0.2
46.3428	0.1
46.492	0.1
46.562	0.1
46.7028	0.2
46.74	0.1
46.8232	0.1
46.9296	0.1
47.0568	0.2
47.2632	0.1
47.4336	0.2
47.53	0.2
47.6964	0.2
47.8052	0.1
47.9304	0.2
48.0396	0.2
48.1168	0.1
48.2328	0.2
48.2948	0.2
48.3464	0.1
48.3952	0.2
48.4428	0.2
48.5008	0.1
48.546	0.2
48.6016	0.2
48.6508	0.1
48.6824	0.2
48.7352	0.2
48.7876	0.1
48.8392	0.2
48.8888	0.2
48.9668	0.1
49.0056	0.2
49.0532	0.2
49.0856	0.1
49.1584	0.2
49.2024	0.2
49.2576	0.1
49.3004	0.2
49.3408	0.2
49.3972	0.1
49.4592	0.2
49.5256	0.2
49.548	0.1
49.5976	0.2
49.632	0.2
49.666	0.1
49.716	0.2
49.758	0.2
49.816	0.1
49.8528	0.2
49.8772	0.2
49.8936	0.1
49.9364	0.2
50.0316	0.2
50.1024	0.1
50.2008	0.2
50.3016	0.2
50.3608	0.1
50.3916	0.2
50.4312	0.2
50.4548	0.1
50.5096	0.2
50.6088	0.2
50.6548	0.1
50.7556	0.2
50.8828	0.2
50.9968	0.1
51.0936	0.2
51.1844	0.2
51.2564	0.1
51.326	0.2
51.3936	0.2
51.4408	0.1
51.6088	0.2
51.8108	0.2
51.9608	0.1
52.0676	0.2
52.1548	0.2
52.1944	0.1
52.2472	0.2
52.3252	0.2
52.3964	0.1
52.5064	0.2
52.6036	0.2
52.6728	0.1
52.7784	0.2
52.8416	0.2
52.8732	0.1
52.9468	0.2
53.1168	0.2
53.2232	0.1
53.3564	0.2
53.4808	0.2
53.5308	0.1
53.6232	0.2
53.7152	0.2
53.7656	0.1
53.8872	0.2
54.072	0.2
54.2088	0.1
54.4516	0.2
54.606	0.2
54.6796	0.1
54.7284	0.2
54.794	0.2
54.8388	0.1
55.0196	0.2
55.2672	0.2
55.4288	0.1
55.606	0.2
55.6932	0.2
55.7416	0.1
55.832	0.2
55.9704	0.2
56.0816	0.1
56.3236	0.2
56.4748	0.2
56.5652	0.1
56.662	0.2
56.7824	0.2
56.8464	0.1
57.0076	0.2
57.1192	0.2
57.1772	0.1
57.3412	0.2
57.536	0.2
57.6428	0.1
57.884	0.2
58.0812	0.2
58.166	0.1
58.286	0.2
58.4016	0.2
58.4984	0.1
58.6492	0.2
58.8144	0.2
58.8932	0.1
59.0548	0.2
59.2792	0.2
59.4364	0.1
59.5316	0.2
59.7	0.2
59.788	0.1
59.9468	0.2
60.1216	0.2
60.2172	0.1
60.4572	0.2
60.7516	0.2
60.9772	0.1
61.2484	0.2
61.3288	0.2
61.4064	0.1
61.5468	0.2
61.704	0.2
61.8056	0.1
62.0048	0.2
62.242	0.2
62.3928	0.1
62.5084	0.2
62.6668	0.2
62.8428	0.1
62.9668	0.2
63.1248	0.2
63.2952	0.1
63.5004	0.2
63.6508	0.2
63.7492	0.1
63.958	0.2
64.1704	0.2
64.224	0.1
64.3844	0.2
64.554	0.2
64.6372	0.1
64.8696	0.2
65.0952	0.2
65.1964	0.1
65.374	0.2
65.5972	0.2
65.6764	0.1
65.996	0.2
66.2716	0.2
66.39	0.1
66.4796	0.2
66.698	0.2
66.7808	0.1
66.9092	0.2
67.0104	0.2
67.14	0.1
67.2768	0.2
67.464	0.2
67.6372	0.1
67.7864	0.2
67.8592	0.2
67.9528	0.1
68.042	0.2
68.1212	0.2
68.2116	0.1
68.256	0.2
68.336	0.2
68.4248	0.1
68.5052	0.2
68.5928	0.2
68.6852	0.1
68.836	0.2
68.9632	0.2
69.0236	0.1
69.0692	0.2
69.126	0.2
69.1632	0.1
69.2428	0.2
69.3176	0.2
69.3644	0.1
69.4436	0.2
69.5316	0.2
69.5856	0.1
69.7232	0.2
69.8984	0.2
70.0432	0.1
70.2248	0.2
70.3536	0.2
70.3712	0.1
70.424	0.2
70.4784	0.2
70.5112	0.1
70.586	0.2
70.7104	0.2
70.8024	0.1
70.9392	0.2
71.0532	0.2
71.122	0.1
71.1528	0.2
71.2352	0.2
71.3084	0.1
71.394	0.2
71.4164	0.2
71.4244	0.1
71.4432	0.2
71.4728	0.2
71.4976	0.1
71.5656	0.2
71.6592	0.2
71.7108	0.1
71.7716	0.2
71.86	0.2
71.9112	0.1
72.0104	0.2
72.0928	0.2
72.1356	0.1
72.1436	0.2
72.1576	0.2
72.1672	0.1
72.1836	0.2
72.2088	0.2
72.224	0.1
72.244	0.2
72.2584	0.2
72.2844	0.1
72.2944	0.2
72.3044	0.2
72.3268	0.1
72.4008	0.2
72.452	0.2
72.4816	0.1
72.5248	0.2
72.5828	0.2
72.5872	0.1
72.5964	0.2
72.6016	0.2
72.6172	0.1
72.6284	0.2
72.6304	0.2
72.6332	0.1
72.6364	0.2
72.6424	0.2
72.6432	0.1
72.6448	0.2
72.6484	0.2
72.6496	0.1
72.65	0.2
72.6524	0.2
72.6528	0.1
72.6528	0.2
72.6528	0.2
72.6528	0.1
72.6528	0.2
72.6528	0.2
72.6528	0.1
72.6528	0.2
72.6528	0.2
72.6528	0.1
72.6528	0.2
72.6528	0.2
72.6532	0.1
72.6532	0.2
72.6612	0.2
72.6656	0.1
72.666	0.2
72.666	0.2
72.666	0.1
72.666	0.2
72.666	0.2
72.666	0.1
72.6672	0.2
72.6676	0.2
72.6676	0.1
72.6676	0.2
72.6676	0.2
72.6676	0.1
72.6676	0.2
72.6676	0.2
72.6676	0.1
72.6676	0.2
72.6676	0.2
72.6676	0.1
72.6676	0.2
72.6676	0.2
72.6676	0.1
72.6676	0.2
72.6676	0.2
72.6676	0.1
72.668	0.2
72.668	0.2
72.668	0.1
72.668	0.2
72.6684	0.2
72.6692	0.1
72.6692	0.2
72.6696	0.2
72.6696	0.1
72.6696	0.2
72.6696	0.2
72.6696	0.1
72.6696	0.2
72.6696	0.2
72.6696	0.1
72.6696	0.2
72.6696	0.2
72.6696	0.1
72.6696	0.2
72.6708	0.2
72.6708	0.1
72.6712	0.2
72.6716	0.2
72.672	0.1
72.672	0.2
72.672	0.2
72.672	0.1
72.672	0.2
72.672	0.2
72.672	0.1
72.672	0.2
72.672	0.2
72.6728	0.1
72.6728	0.2
72.6728	0.2
72.6732	0.1
72.674	0.2
72.6744	0.2
72.6792	0.1
72.6844	0.2
72.6912	0.2
72.6996	0.1
72.7	0.2
72.7044	0.2
72.7048	0.1
72.7084	0.2
72.7128	0.2
72.718	0.1
72.7328	0.2
72.766	0.2
72.7748	0.1
72.802	0.2
72.8248	0.2
72.836	0.1
72.85	0.2
72.91	0.2
72.954	0.1
73.0268	0.2
73.0908	0.2
73.1252	0.1
73.1364	0.2
73.1456	0.2
73.1904	0.1
73.2112	0.2
73.234	0.2
73.248	0.1
73.2556	0.2
73.2676	0.2
73.2716	0.1
73.284	0.2
73.2992	0.2
73.3076	0.1
73.3164	0.2
73.3228	0.2
73.3336	0.2
