Created robot #0
  Memory locations:
	Port:	6665
	Client:		0x1349880
	Pos2dProxy:	0x134eca0
	Ranger:		0x134ef80
	Map:		0x7fffabc6f670

Press any key to begin, and q to stop.
Explored (%)	Simulation Timestep (s)
0	21.9
1.9176	0.1
2.2832	0.1
2.7764	0.2
3.1936	0.2
3.9752	0.1
4.5168	0.2
4.7916	0.2
5.064	0.1
5.304	0.2
5.5408	0.2
5.6372	0.1
5.7532	0.2
5.9632	0.2
6.1596	0.1
6.3212	0.2
6.4736	0.2
6.5736	0.1
6.7292	0.2
6.902	0.2
6.9904	0.1
7.1812	0.2
7.3556	0.2
7.4364	0.1
7.5964	0.2
7.7668	0.2
7.8692	0.1
8.0644	0.2
8.3024	0.2
8.4288	0.1
8.5736	0.2
8.7776	0.2
8.9104	0.1
9.0356	0.2
9.2308	0.2
9.3096	0.1
9.5108	0.2
9.7512	0.2
9.8528	0.1
10.056	0.2
10.2488	0.2
10.3864	0.1
10.5952	0.2
10.8328	0.2
10.9124	0.1
11.0948	0.2
11.2848	0.2
11.464	0.1
11.6068	0.2
11.7932	0.2
11.8768	0.1
12.1292	0.2
12.4388	0.2
12.5932	0.1
12.6932	0.2
12.942	0.2
13.1024	0.1
13.3128	0.2
13.5244	0.2
13.6532	0.1
13.9	0.2
14.1052	0.2
14.3712	0.1
14.5452	0.1
14.664	0.2
14.8236	0.1
15.008	0.1
15.2072	0.1
15.3372	0.2
15.4392	0.1
15.5216	0.1
15.5904	0.1
15.6764	0.2
15.76	0.1
15.8344	0.1
15.8968	0.1
16.0212	0.2
16.1096	0.1
16.1924	0.1
16.2608	0.1
16.4272	0.2
16.516	0.1
16.6384	0.1
16.8448	0.1
17.0304	0.2
17.1456	0.1
17.1984	0.1
17.238	0.1
17.3696	0.2
17.4872	0.1
17.57	0.1
17.704	0.1
17.8568	0.2
17.9404	0.1
18.0756	0.1
18.148	0.1
18.3068	0.2
18.3968	0.1
18.4824	0.1
18.7012	0.1
18.9108	0.2
19.01	0.1
19.056	0.1
19.2636	0.1
19.3464	0.2
19.4232	0.1
19.5356	0.1
19.8028	0.1
20.01	0.2
20.0768	0.1
20.1496	0.1
20.2064	0.1
20.3328	0.2
20.4244	0.1
20.4948	0.1
20.5936	0.1
20.8084	0.2
21.0392	0.1
21.2044	0.1
21.262	0.1
21.4636	0.2
21.6972	0.1
21.766	0.1
21.8932	0.1
21.9576	0.2
22.0888	0.1
22.2912	0.1
22.402	0.1
22.5024	0.2
22.6708	0.1
22.7284	0.1
22.8564	0.1
22.9692	0.2
23.0584	0.1
23.146	0.1
23.2664	0.1
23.438	0.2
23.592	0.1
23.6336	0.1
23.7732	0.1
23.9032	0.2
24.0416	0.1
24.1864	0.1
24.258	0.1
24.3956	0.2
24.488	0.1
24.5568	0.1
24.688	0.1
24.894	0.2
25.0952	0.1
25.244	0.1
25.3064	0.1
25.432	0.2
25.4988	0.1
25.602	0.1
25.7016	0.1
25.852	0.2
26.0208	0.1
26.0688	0.1
26.1956	0.1
26.3852	0.2
26.568	0.1
26.6812	0.1
26.7392	0.1
26.894	0.2
26.9876	0.1
27.1416	0.1
27.2624	0.1
27.4264	0.2
27.5212	0.1
27.5996	0.1
27.81	0.1
28.0448	0.2
28.1072	0.1
28.1724	0.1
28.3628	0.1
28.4476	0.2
28.5136	0.1
28.5912	0.1
28.712	0.1
28.874	0.2
28.9856	0.1
29.0904	0.1
29.2448	0.1
29.3956	0.2
29.552	0.1
29.722	0.1
29.7616	0.1
29.994	0.2
30.1488	0.1
30.2596	0.1
30.3424	0.1
30.6632	0.2
30.8708	0.1
30.9924	0.1
31.0648	0.1
31.2304	0.2
31.3428	0.1
31.392	0.1
31.5176	0.1
31.6116	0.2
31.752	0.1
31.7916	0.1
31.8784	0.1
32.0332	0.2
32.126	0.1
32.2136	0.1
32.3384	0.1
32.524	0.2
32.5888	0.1
32.6656	0.1
32.7412	0.1
32.956	0.2
33.0156	0.1
33.1404	0.1
33.2152	0.1
33.3708	0.2
33.4728	0.1
33.5628	0.1
33.6564	0.1
33.8964	0.2
34.0148	0.1
34.2036	0.1
34.2848	0.1
34.4104	0.2
34.4956	0.1
34.5864	0.1
34.658	0.1
34.8744	0.2
35.0436	0.1
35.1168	0.1
35.252	0.1
35.5	0.2
35.6616	0.1
35.716	0.1
35.7556	0.1
35.9644	0.2
36.1056	0.1
36.1784	0.1
36.27	0.1
36.4128	0.2
36.5312	0.1
36.614	0.1
36.8568	0.1
37.1396	0.2
37.2376	0.1
37.2684	0.1
37.3268	0.1
37.4492	0.2
37.5296	0.1
37.646	0.1
37.7412	0.1
37.9236	0.2
38.0528	0.1
38.1436	0.1
38.2832	0.1
38.4348	0.2
38.5792	0.1
38.6468	0.1
38.8364	0.1
39.1188	0.2
39.26	0.1
39.302	0.1
39.3512	0.1
39.4756	0.2
39.5652	0.1
39.716	0.1
39.91	0.1
40.0636	0.2
40.14	0.1
40.2336	0.1
40.3124	0.1
40.4896	0.2
40.5904	0.1
40.6748	0.1
40.866	0.1
40.9988	0.2
41.1164	0.1
41.2044	0.1
41.2948	0.1
41.5408	0.2
41.7932	0.1
42.01	0.1
42.1776	0.1
42.3364	0.2
42.3832	0.1
42.4216	0.1
42.4728	0.1
42.5916	0.2
42.6752	0.1
42.764	0.1
42.9452	0.1
43.1424	0.2
43.2212	0.1
43.2972	0.1
43.4244	0.1
43.6032	0.2
43.6716	0.1
43.7524	0.1
43.8488	0.1
44.0032	0.2
44.1004	0.1
44.2044	0.1
44.3816	0.1
44.5352	0.2
44.624	0.1
44.6992	0.1
44.8004	0.1
44.9852	0.2
45.1044	0.1
45.2064	0.1
45.4112	0.1
45.6852	0.2
45.8492	0.1
46.0412	0.1
46.2204	0.1
46.3188	0.2
46.4336	0.1
46.576	0.2
46.6748	0.2
46.788	0.2
46.9152	0.1
47.066	0.2
47.2036	0.2
47.3288	0.1
47.466	0.2
47.604	0.2
47.6692	0.1
47.7812	0.2
47.8824	0.2
47.9404	0.1
48.072	0.2
48.18	0.2
48.2364	0.1
48.3952	0.2
48.5308	0.2
48.6588	0.1
48.742	0.2
48.8288	0.2
48.9012	0.1
48.9752	0.2
49.038	0.2
49.102	0.1
49.136	0.2
49.1984	0.2
49.2488	0.1
49.3124	0.2
49.4068	0.2
49.4548	0.1
49.5472	0.2
49.634	0.2
49.6992	0.1
49.726	0.2
49.758	0.2
49.7732	0.1
49.8108	0.2
49.8552	0.2
49.8888	0.1
49.9532	0.2
50.0292	0.2
50.1012	0.1
50.2476	0.2
50.354	0.2
50.3756	0.1
50.474	0.2
50.5664	0.2
50.6428	0.1
50.792	0.2
50.92	0.2
50.9992	0.1
51.0444	0.2
51.092	0.2
51.1436	0.1
51.294	0.2
51.436	0.2
51.5592	0.1
51.6896	0.2
51.7844	0.2
51.87	0.1
51.9648	0.2
52.032	0.2
52.0736	0.1
52.1096	0.2
52.1664	0.2
52.2016	0.1
52.2692	0.2
52.3576	0.2
52.3964	0.1
52.528	0.2
52.7388	0.2
52.8756	0.1
53.038	0.2
53.1616	0.2
53.2244	0.1
53.2672	0.2
53.3284	0.2
53.3692	0.1
53.4932	0.2
53.6424	0.2
53.7416	0.1
53.8728	0.2
53.9556	0.2
54.0116	0.1
54.1544	0.2
54.3048	0.2
54.3508	0.1
54.5044	0.2
54.64	0.2
54.7388	0.1
54.8256	0.2
54.93	0.2
54.9944	0.1
55.1452	0.2
55.326	0.2
55.4188	0.1
55.5996	0.2
55.692	0.2
55.746	0.1
55.95	0.2
56.2332	0.2
56.3852	0.1
56.5804	0.2
56.6648	0.2
56.7008	0.1
56.7984	0.2
56.9516	0.2
57.0592	0.1
57.2932	0.2
57.4496	0.2
57.4912	0.1
57.6156	0.2
57.7388	0.2
57.83	0.1
57.9968	0.2
58.1304	0.2
58.2132	0.1
58.4408	0.2
58.6808	0.2
58.9368	0.1
59.0316	0.2
59.1096	0.2
59.1824	0.1
59.4028	0.2
59.6448	0.2
59.7848	0.1
59.8496	0.2
59.9648	0.2
60.0384	0.1
60.2044	0.2
60.412	0.2
60.504	0.1
60.6472	0.2
60.7968	0.2
60.902	0.1
61.086	0.2
61.3192	0.2
61.452	0.1
61.6192	0.2
61.8516	0.2
61.942	0.1
62.0864	0.2
62.236	0.2
62.3492	0.1
62.5336	0.2
62.702	0.2
62.8148	0.1
62.9616	0.2
63.18	0.2
63.2548	0.1
63.4668	0.2
63.684	0.2
63.7808	0.1
63.9524	0.2
64.2224	0.2
64.3332	0.1
64.4204	0.2
64.5936	0.2
64.7096	0.1
64.9592	0.2
65.2344	0.2
65.3412	0.1
65.4124	0.2
65.5624	0.2
65.7052	0.1
65.886	0.2
66.1752	0.2
66.354	0.1
66.5336	0.2
66.7936	0.2
66.8936	0.1
67.0772	0.2
67.3876	0.2
67.52	0.1
67.612	0.2
67.7248	0.2
67.8228	0.1
67.9248	0.2
68.0828	0.2
68.1884	0.1
68.334	0.2
68.486	0.2
68.5456	0.1
68.7068	0.2
68.9244	0.2
69.0116	0.1
69.0888	0.2
69.2308	0.2
69.3008	0.1
69.4092	0.2
69.4928	0.2
69.5736	0.1
69.6392	0.2
69.7608	0.2
69.8512	0.1
69.9532	0.2
70.0688	0.2
70.1396	0.1
70.2308	0.2
70.288	0.2
70.32	0.1
70.418	0.2
70.5588	0.2
70.6444	0.1
70.7232	0.2
70.7792	0.2
70.8128	0.1
70.8996	0.2
71.0168	0.2
71.0556	0.1
71.1964	0.2
71.3668	0.2
71.5484	0.1
71.6768	0.2
71.752	0.2
71.9036	0.1
72.0016	0.2
72.0724	0.2
72.1316	0.1
72.204	0.2
72.2724	0.2
72.3252	0.1
72.3808	0.2
72.4116	0.2
72.4284	0.1
72.452	0.2
72.4968	0.2
72.5416	0.1
72.6344	0.2
72.732	0.2
72.7956	0.1
72.9048	0.2
72.9832	0.2
73.0356	0.1
73.102	0.2
73.1428	0.2
73.1608	0.1
73.226	0.2
73.2988	0.2
73.3384	0.1
73.3804	0.2
73.408	0.2
73.416	0.1
73.4264	0.2
73.4524	0.2
73.4652	0.1
73.4932	0.2
73.5036	0.2
73.5064	0.1
73.5272	0.2
73.5644	0.2
73.5844	0.1
73.6236	0.2
73.6872	0.2
73.7284	0.1
73.7568	0.2
73.762	0.2
73.7928	0.1
73.8016	0.2
73.8424	0.2
73.8544	0.1
73.8592	0.2
73.8616	0.2
73.8708	0.1
73.8896	0.2
73.8976	0.2
73.8996	0.1
73.9	0.2
73.9	0.2
73.9004	0.1
73.9016	0.2
73.9024	0.2
73.9068	0.1
73.9152	0.2
73.9168	0.2
73.9172	0.1
73.9176	0.2
73.9204	0.2
73.9212	0.1
73.926	0.2
73.9276	0.2
73.928	0.1
73.9284	0.2
73.9316	0.2
73.9352	0.1
73.9404	0.2
73.9424	0.2
73.9448	0.1
73.9472	0.2
73.9496	0.2
73.95	0.1
73.9516	0.2
73.9524	0.2
73.9544	0.1
73.9556	0.2
73.956	0.2
73.9564	0.1
73.9576	0.2
73.9592	0.2
73.962	0.1
73.9652	0.2
73.9652	0.2
73.9652	0.1
73.966	0.2
73.966	0.2
73.9672	0.1
73.9684	0.2
73.9684	0.2
73.9684	0.1
73.9684	0.2
73.9696	0.2
73.9724	0.1
73.9736	0.2
73.9768	0.2
73.978	0.1
73.978	0.2
73.978	0.2
73.978	0.1
73.978	0.2
73.9804	0.2
73.9868	0.1
73.9916	0.2
73.9944	0.2
73.9944	0.1
73.9948	0.2
73.9952	0.2
73.9952	0.1
73.9956	0.2
73.996	0.2
73.9976	0.1
73.9976	0.2
73.998	0.2
73.998	0.1
73.9984	0.2
73.9984	0.2
73.9996	0.1
73.9996	0.2
73.9996	0.2
73.9996	0.1
73.9996	0.2
74.0004	0.2
74.0004	0.1
74.0004	0.2
74.0016	0.2
74.0028	0.1
74.0068	0.2
74.018	0.2
74.0316	0.1
74.0428	0.2
74.0688	0.2
74.0808	0.1
74.0948	0.2
74.1136	0.2
74.1332	0.1
74.146	0.2
74.188	0.2
74.2152	0.1
74.2672	0.2
74.2924	0.2
74.3048	0.1
74.3196	0.2
74.3888	0.2
74.404	0.1
74.4148	0.2
74.4192	0.2
74.424	0.1
74.4316	0.2
74.4564	0.2
74.472	0.1
74.474	0.2
74.4796	0.2
74.4796	0.1
74.4796	0.2
74.4804	0.2
74.4828	0.1
74.4828	0.2
74.4828	0.2
74.4828	0.1
74.4828	0.2
74.4828	0.2
74.4828	0.1
74.4828	0.2
74.4832	0.2
74.4832	0.2
74.4832	0.2
74.4832	0.2
74.4832	0.1
74.4836	0.2
74.4836	0.2
74.4836	0.1
74.4836	0.2
74.484	0.2
74.4844	0.1
74.4844	0.2
74.4844	0.2
74.4844	0.1
74.4844	0.2
74.4844	0.2
74.4844	0.1
74.4844	0.2
74.4844	0.2
74.4844	0.1
74.4844	0.2
74.4844	0.2
74.4844	0.1
74.4844	0.2
74.4844	0.2
74.4844	0.1
74.4844	0.2
74.4848	0.2
74.4848	0.1
74.4848	0.2
74.4848	0.2
74.4848	0.1
74.4848	0.2
74.4848	0.2
74.4848	0.1
74.4848	0.2
74.4848	0.2
74.4848	0.1
74.4848	0.2
74.4848	0.2
74.4852	0.1
74.4852	0.2
74.4852	0.2
74.4852	0.1
74.4852	0.2
74.486	0.2
74.486	0.1
74.486	0.2
74.486	0.2
74.486	0.1
74.486	0.2
74.486	0.2
74.486	0.1
74.486	0.2
74.486	0.2
74.486	0.1
74.486	0.2
74.486	0.2
74.486	0.1
74.4864	0.2
74.4864	0.2
74.4864	0.1
74.4864	0.2
74.4864	0.2
74.4864	0.1
74.4864	0.2
74.4864	0.2
74.4864	0.1
74.4864	0.2
74.4864	0.2
74.4864	0.1
74.4864	0.2
74.4864	0.2
74.4864	0.1
74.4868	0.2
74.4876	0.2
74.4896	0.1
74.4912	0.2
74.4944	0.2
74.4944	0.1
74.4984	0.2
74.4988	0.2
74.4988	0.5
74.4988	0.1
74.4988	0.2
74.4988	0.2
74.4988	0.1
74.4988	0.2
74.4988	0.2
74.4988	0.1
74.4988	0.2
74.4988	0.2
74.4988	0.1
74.4988	0.2
74.4988	0.2
74.4988	0.1
74.4988	0.2
74.4988	0.2
74.4988	0.1
74.4988	0.2
74.4992	0.2
74.4992	0.1
74.4992	0.2
74.4992	0.2
74.4992	0.1
74.4992	0.2
74.5	0.2
74.5	0.1
74.5	0.2
74.5012	0.2
74.5016	0.1
74.5016	0.2
74.5016	0.2
74.5048	0.1
74.5072	0.2
74.5076	0.2
74.5096	0.1
74.5112	0.2
74.5196	0.2
74.5244	0.1
74.528	0.2
74.5304	0.2
74.5312	0.1
74.5312	0.2
74.5312	0.2
74.5316	0.1
74.5316	0.2
74.5316	0.2
74.5316	0.1
74.5316	0.2
74.5316	0.2
74.5316	0.1
74.5316	0.2
74.5316	0.2
74.5316	0.1
74.5316	0.2
74.5316	0.2
74.5316	0.1
74.5316	0.2
74.5316	0.2
74.5316	0.1
74.5316	0.2
74.5316	0.2
74.5316	0.1
74.5316	0.2
74.5316	0.2
74.5316	0.1
74.5316	0.2
74.5316	0.2
74.5316	0.1
74.5316	0.2
74.5316	0.2
74.5316	0.1
74.5316	0.2
74.5316	0.2
74.5316	0.1
74.5316	0.2
74.5316	0.2
74.5316	0.1
74.5316	0.2
74.5316	0.2
74.5316	0.1
74.5316	0.2
74.5316	0.2
74.5316	0.1
74.5332	0.2
74.5332	0.2
74.5332	0.1
74.5332	0.2
74.5332	0.2
74.5332	0.1
74.5332	0.2
74.5332	0.2
74.5332	0.1
74.5332	0.2
74.5332	0.2
74.5332	0.1
74.5332	0.2
74.5332	0.2
74.5332	0.1
74.5332	0.2
74.5332	0.2
74.5332	0.1
74.5332	0.2
74.5332	0.2
74.5336	0.1
74.5336	0.2
74.534	0.2
74.534	0.1
74.534	0.2
74.534	0.2
74.534	0.1
74.534	0.2
74.534	0.2
74.534	0.1
74.534	0.2
74.534	0.2
74.534	0.1
74.534	0.2
74.534	0.2
74.534	0.1
74.534	0.2
74.534	0.2
74.534	0.1
74.534	0.2
74.534	0.2
74.534	0.1
74.534	0.2
74.534	0.2
74.534	0.1
74.534	0.2
74.5348	0.2
74.5352	0.1
74.5356	0.2
74.5356	0.2
74.5356	0.1
74.5356	0.2
74.5356	0.2
74.5356	0.1
74.5356	0.2
74.5356	0.2
74.5356	0.1
74.5356	0.2
74.5356	0.2
74.5356	0.1
74.5356	0.2
74.536	0.2
74.5364	0.1
74.5368	0.2
74.5368	0.2
74.5368	0.1
74.5368	0.2
74.5368	0.2
74.5368	0.1
74.5368	0.2
74.5368	0.2
74.5368	0.1
74.5368	0.2
74.5368	0.2
74.5368	0.1
74.5368	0.2
74.5368	0.2
74.5368	0.1
74.5368	0.2
74.5368	0.2
74.5368	0.1
74.5368	0.2
74.5368	0.2
74.5368	0.1
74.5368	0.2
74.5368	0.2
74.5368	0.1
74.5368	0.2
74.5368	0.2
74.5368	0.1
74.5368	0.2
74.5368	0.2
74.5368	0.1
74.5368	0.2
74.5368	0.2
74.5368	0.1
74.5368	0.2
74.5368	0.2
74.5368	0.1
74.5368	0.2
74.5368	0.2
74.5368	0.1
74.5368	0.2
74.5368	0.2
74.5368	0.1
74.5368	0.2
74.5368	0.2
74.5368	0.1
