Created robot #0
  Memory locations:
	Port:	6665
	Client:		0x21fe880
	Pos2dProxy:	0x2203ca0
	Ranger:		0x2203f80
	Map:		0x7fffb47b5af0

Created robot #1
  Memory locations:
	Port:	6666
	Client:		0x22042d0
	Pos2dProxy:	0x2202620
	Ranger:		0x2202900
	Map:		0x7fffb47b5b50

Created robot #2
  Memory locations:
	Port:	6667
	Client:		0x2202a90
	Pos2dProxy:	0x2204440
	Ranger:		0x2204720
	Map:		0x7fffb47b5bb0

Created robot #3
  Memory locations:
	Port:	6668
	Client:		0x22048b0
	Pos2dProxy:	0x2204c60
	Ranger:		0x2204f40
	Map:		0x7fffb47b5c10

Created robot #4
  Memory locations:
	Port:	6669
	Client:		0x22050d0
	Pos2dProxy:	0x2205440
	Ranger:		0x2205720
	Map:		0x7fffb47b5c70

Created robot #5
  Memory locations:
	Port:	6670
	Client:		0x22058b0
	Pos2dProxy:	0x2205c20
	Ranger:		0x2205f00
	Map:		0x7fffb47b5cd0

Created robot #6
  Memory locations:
	Port:	6671
	Client:		0x2206090
	Pos2dProxy:	0x2206400
	Ranger:		0x22066e0
	Map:		0x7fffb47b5d30

Created robot #7
  Memory locations:
	Port:	6672
	Client:		0x2206870
	Pos2dProxy:	0x2206be0
	Ranger:		0x2206ec0
	Map:		0x7fffb47b5d90

Created robot #8
  Memory locations:
	Port:	6673
	Client:		0x2207050
	Pos2dProxy:	0x22073c0
	Ranger:		0x22076a0
	Map:		0x7fffb47b5df0

Created robot #9
  Memory locations:
	Port:	6674
	Client:		0x2207830
	Pos2dProxy:	0x2207ba0
	Ranger:		0x2207e80
	Map:		0x7fffb47b5e50

Press any key to begin, and q to stop.
Explored (%)	Simulation Timestep (s)
0	10.8
7.1112	0.2
8.226	0.2
8.6064	0.1
8.9236	0.2
9.1316	0.2
9.3736	0.1
9.5264	0.2
9.7132	0.2
9.8188	0.1
10.0424	0.2
10.2392	0.2
10.3692	0.1
10.524	0.2
10.6656	0.2
10.7588	0.1
10.954	0.2
11.196	0.2
11.284	0.1
11.538	0.2
11.7804	0.2
11.8948	0.1
12.126	0.2
12.3504	0.2
12.512	0.1
12.7528	0.2
12.9356	0.2
13.0716	0.1
13.2684	0.2
13.462	0.2
13.5488	0.1
13.7464	0.2
13.8776	0.1
14.0952	0.2
14.45	0.2
14.6296	0.1
14.952	0.2
15.2328	0.2
15.3908	0.1
15.7204	0.2
16.0676	0.2
16.2752	0.1
16.5688	0.2
16.932	0.2
17.1896	0.1
17.4424	0.2
17.7644	0.2
17.9392	0.1
18.224	0.2
18.5068	0.2
18.7048	0.1
18.9704	0.2
19.3284	0.2
19.5472	0.1
19.836	0.2
20.1268	0.2
20.3336	0.1
20.564	0.2
20.8544	0.2
21.0636	0.1
21.32	0.2
21.5468	0.2
21.7044	0.1
21.9432	0.2
22.1924	0.2
22.364	0.1
22.636	0.2
22.8512	0.2
23.0272	0.1
23.3824	0.2
23.7128	0.2
23.954	0.1
24.4132	0.2
24.81	0.2
25.0228	0.1
25.3896	0.2
25.812	0.2
26.1028	0.1
26.46	0.2
26.808	0.2
27.0988	0.1
27.49	0.2
27.8324	0.2
27.9884	0.1
28.4544	0.2
28.9096	0.2
29.206	0.1
29.7072	0.2
30.0044	0.2
30.296	0.1
30.5952	0.2
30.9336	0.2
31.1592	0.1
31.4756	0.2
31.8032	0.2
31.9752	0.1
32.24	0.2
32.5504	0.2
32.7564	0.1
33.0912	0.2
33.484	0.2
33.6852	0.1
34.0892	0.2
34.4	0.2
34.602	0.1
34.936	0.2
35.2976	0.2
35.516	0.1
35.736	0.2
36.0788	0.2
36.3392	0.1
36.6976	0.2
37.1468	0.2
37.5156	0.1
37.8416	0.2
38.1704	0.2
38.4088	0.1
38.6664	0.2
38.9332	0.2
39.0884	0.1
39.4056	0.2
39.6276	0.2
39.8852	0.1
40.1908	0.2
40.49	0.2
40.6676	0.1
41.0032	0.2
41.316	0.2
41.5648	0.1
41.8524	0.1
42.1476	0.2
42.3484	0.1
42.4776	0.1
42.6496	0.1
42.932	0.2
43.1432	0.1
43.3676	0.1
43.5272	0.1
43.6888	0.2
43.8256	0.1
43.9848	0.1
44.1476	0.1
44.4624	0.2
44.6676	0.1
44.834	0.1
45.08	0.1
45.3016	0.2
45.5072	0.1
45.7324	0.1
46.0648	0.1
46.3392	0.2
46.6628	0.1
46.9044	0.1
47.1328	0.1
47.4976	0.2
47.8024	0.1
48.0044	0.1
48.2924	0.1
48.5956	0.2
48.9192	0.1
49.2148	0.1
49.4128	0.1
49.6808	0.2
50.0752	0.1
50.3908	0.1
50.6672	0.1
50.9172	0.3
51.1368	0.1
51.4636	0.1
51.8104	0.2
52.018	0.1
52.2816	0.2
52.526	0.2
52.8552	0.1
53.1056	0.1
53.4036	0.1
53.6468	0.2
53.8852	0.1
54.2052	0.2
54.6072	0.2
54.9676	0.1
55.1856	0.1
55.3988	0.1
55.6692	0.2
55.8832	0.2
56.1404	0.1
56.4428	0.2
56.792	0.1
57.0228	0.1
57.3504	0.1
57.5944	0.2
57.8944	0.2
58.1448	0.1
58.4752	0.2
58.7444	0.1
58.974	0.1
59.1844	0.1
59.3672	0.2
59.6272	0.2
59.816	0.1
59.9692	0.2
60.1724	0.1
60.3508	0.1
60.6464	0.1
60.8152	0.2
60.9132	0.1
61.1164	0.1
61.1996	0.1
61.2732	0.2
61.44	0.1
61.6192	0.1
61.7504	0.1
61.8404	0.3
61.9768	0.1
62.0332	0.1
62.1132	0.2
62.216	0.2
62.262	0.1
62.298	0.2
62.3212	0.2
62.3468	0.1
62.3832	0.2
62.4072	0.2
62.4356	0.1
62.4644	0.2
62.4804	0.2
62.5136	0.1
62.558	0.2
62.5864	0.2
62.618	0.1
62.6264	0.2
62.6488	0.2
62.6712	0.1
62.6964	0.2
62.7028	0.2
62.72	0.1
62.7312	0.2
62.7412	0.1
62.7484	0.2
62.7616	0.2
62.7784	0.1
62.7924	0.2
62.7984	0.2
62.8092	0.1
62.8156	0.2
62.8244	0.2
62.8264	0.1
62.8352	0.2
62.8488	0.2
62.8552	0.1
62.8592	0.2
62.8692	0.2
62.8752	0.1
62.8812	0.2
62.8884	0.3
62.8984	0.1
62.9012	0.1
62.9032	0.3
62.9052	0.1
62.9128	0.1
62.9168	0.3
62.9184	0.1
62.9232	0.1
62.9236	0.3
62.9252	0.1
62.9312	0.1
62.9348	0.2
62.9376	0.1
62.9512	0.1
62.9552	0.1
62.9592	0.3
62.9628	0.1
62.9644	0.1
62.972	0.2
62.9788	0.2
62.9856	0.1
62.9896	0.2
62.9932	0.2
62.9948	0.1
62.9976	0.2
63.0012	0.2
63.0044	0.1
63.0084	0.2
63.0136	0.2
63.0188	0.1
63.0192	0.2
63.0212	0.1
63.026	0.2
63.0332	0.2
63.036	0.1
63.0444	0.2
63.0512	0.3
63.0568	0.1
63.0604	0.1
63.0644	0.3
63.066	0.1
63.0664	0.1
63.072	0.3
63.0796	0.1
63.082	0.1
63.0876	0.2
63.0896	0.1
63.0912	0.1
63.092	0.1
63.0932	0.2
63.0968	0.2
63.1004	0.1
63.104	0.2
63.1044	0.2
63.1052	0.1
63.106	0.2
63.1064	0.2
63.1172	0.1
63.1176	0.2
63.1176	0.2
63.1256	0.1
63.128	0.2
63.13	0.2
63.1316	0.1
63.1356	0.2
63.1412	0.2
63.1432	0.1
63.1472	0.2
63.1488	0.2
63.1492	0.1
63.1504	0.2
63.1544	0.2
63.1552	0.1
63.1556	0.2
63.1568	0.2
63.1584	0.1
63.1608	0.2
63.1608	0.2
63.1632	0.1
63.1688	0.2
63.1688	0.2
63.1892	0.1
63.2308	0.2
63.2336	0.1
63.2336	0.2
63.238	0.2
63.2388	0.3
63.2412	0.2
63.246	0.3
63.2484	0.2
63.2524	0.2
63.2544	0.1
63.2584	0.2
63.262	0.2
63.2644	0.1
63.2688	0.2
63.2692	0.2
63.2696	0.1
63.2964	0.2
63.3128	0.3
63.3256	0.2
63.326	0.2
63.3504	0.1
63.3512	0.2
63.3608	0.2
63.3656	0.1
63.3708	0.2
63.3736	0.2
63.394	0.1
63.396	0.2
63.3988	0.3
63.4008	0.2
