Created robot #0
  Memory locations:
	Port:	6665
	Client:		0xfd7880
	Pos2dProxy:	0xfdcca0
	Ranger:		0xfdcf80
	Map:		0x7fff7eea8c50

Created robot #1
  Memory locations:
	Port:	6666
	Client:		0xfdd2d0
	Pos2dProxy:	0xfdb620
	Ranger:		0xfdb900
	Map:		0x7fff7eea8cb0

Press any key to begin, and q to stop.
Explored (%)	Simulation Timestep (s)
0	5.1
3.1928	0.1
4.4332	0.2
5.2852	0.2
5.6888	0.1
5.9896	0.2
6.1996	0.2
6.3456	0.1
6.456	0.2
6.5424	0.2
6.6992	0.1
6.9052	0.2
7.0852	0.3
7.3152	0.2
7.5444	0.2
7.6264	0.1
7.7252	0.2
7.8512	0.2
7.9696	0.2
8.0992	0.2
8.2816	0.2
8.3884	0.1
8.5888	0.2
8.792	0.2
8.9144	0.1
9.0836	0.2
9.284	0.2
9.386	0.1
9.5736	0.2
9.754	0.2
9.8944	0.1
10.0296	0.2
10.23	0.2
10.6212	0.1
10.8732	0.8
11.1668	0.2
11.384	0.2
11.6244	0.2
11.812	0.1
12.0712	0.2
12.232	0.3
12.4664	0.2
12.794	0.2
13.0436	0.1
13.4092	0.2
13.722	0.2
13.8248	0.1
13.9944	0.2
14.0984	0.2
14.3516	0.1
14.656	0.2
14.8384	0.2
15.0028	0.1
15.17	0.2
15.2588	0.3
15.4452	0.2
15.6112	0.2
15.7156	0.1
15.8572	0.2
15.9444	0.1
16.0944	0.2
16.3168	0.2
16.4932	0.1
16.6388	0.2
16.664	0.2
16.8332	0.1
16.9196	0.2
17.0456	0.2
17.3072	0.1
17.4376	0.2
17.6224	0.2
17.8636	0.1
17.9684	0.2
18.1248	0.2
18.2152	0.1
18.3016	0.2
18.3704	0.2
18.4	0.1
18.4468	0.2
18.486	0.3
18.594	0.2
18.6556	0.2
18.6848	0.1
18.8144	0.2
18.9088	0.2
18.964	0.1
19.0132	0.2
19.038	0.2
19.1504	0.1
19.212	0.2
19.2828	0.3
19.2912	0.2
19.3148	0.2
19.3524	0.1
19.38	0.2
19.3912	0.2
19.3968	0.1
19.42	0.2
19.4368	0.2
19.4464	0.1
19.4484	0.2
19.4488	0.2
19.4488	0.1
19.4504	0.2
19.4504	0.2
19.4516	0.1
19.4516	0.2
19.4568	0.2
19.4568	0.1
19.46	0.2
19.4684	0.2
19.4684	0.1
19.4684	0.2
19.4688	0.2
19.4688	0.1
19.4688	0.2
19.4692	0.2
19.4692	0.1
19.4708	0.2
19.4772	0.3
19.4772	0.2
19.4788	0.2
19.4844	0.1
19.4868	0.2
19.4884	0.2
19.4896	0.1
19.49	0.2
19.49	0.2
19.49	0.1
19.49	0.2
19.49	0.3
19.4904	0.2
19.4904	0.2
19.4904	0.1
19.4912	0.2
19.4912	0.2
19.4916	0.1
19.4924	0.2
19.4924	0.2
19.4932	0.1
19.4932	0.2
19.494	0.2
19.494	0.1
19.494	0.2
19.4976	0.2
19.498	0.1
19.5028	0.2
19.5044	0.3
19.5052	0.2
19.506	0.2
19.5064	0.2
19.5068	0.2
19.52	0.1
19.52	0.1
19.5216	0.1
19.5216	0.2
19.5228	0.2
19.5228	0.1
19.5236	0.2
19.5236	0.2
19.5236	0.1
19.5236	0.3
19.524	0.2
19.5248	0.2
19.5252	0.1
19.5252	0.2
19.5276	0.3
19.5276	0.2
19.5276	0.2
19.5276	0.1
19.5288	0.1
19.5288	0.1
19.5288	0.2
19.5292	0.2
19.53	0.1
19.5316	0.3
19.5356	0.2
19.5392	0.3
19.5432	0.1
19.5468	0.1
19.5468	0.2
19.5468	0.2
19.5468	0.1
19.5468	0.2
19.5488	0.2
19.5488	0.1
19.5488	0.3
19.5488	0.2
19.5496	0.2
19.5496	0.1
19.5496	0.1
19.5496	0.1
19.5496	0.2
19.5496	0.2
19.5496	0.1
19.5496	0.2
19.5496	0.2
19.5496	0.1
19.5496	0.3
19.5564	0.2
19.558	0.3
19.558	0.1
19.5588	0.1
19.5608	0.2
19.5616	0.2
19.562	0.1
19.562	0.2
19.562	0.2
19.562	0.1
19.562	0.3
19.562	0.2
19.5624	0.2
19.5624	0.1
19.5624	0.2
19.5644	0.2
19.5644	0.1
19.5644	0.2
19.5644	0.2
19.5644	0.1
19.5644	0.1
19.5644	0.1
19.5644	0.3
19.5644	0.2
19.566	0.3
19.566	0.1
19.566	0.1
19.566	0.2
19.566	0.2
19.5664	0.1
19.5672	0.3
19.5676	0.2
19.5684	0.2
19.5688	0.1
19.5688	0.1
19.5688	0.1
19.5688	0.3
19.5692	0.1
19.5692	0.1
19.5692	0.2
19.5692	0.2
19.5692	0.1
19.5692	0.3
19.5692	0.2
19.5692	0.2
19.5692	0.1
19.5692	0.1
19.5692	0.1
19.5692	0.2
19.5692	0.2
19.5692	0.1
19.5696	0.3
19.5696	0.2
19.5696	0.3
19.5696	0.2
19.5696	0.2
19.5696	0.1
19.57	0.1
19.5708	0.1
19.572	0.2
19.5724	0.2
19.5736	0.1
19.5744	0.3
19.5744	0.2
19.5744	0.3
19.5748	0.2
19.5748	0.2
19.5748	0.1
19.5752	0.1
19.5756	0.1
19.576	0.2
19.576	0.2
19.576	0.1
19.576	0.3
19.576	0.2
19.5768	0.3
19.5792	0.2
19.5792	0.2
19.5792	0.1
19.5792	0.1
19.5792	0.1
19.5792	0.2
19.5844	0.2
19.586	0.1
19.5864	0.3
19.5868	0.2
19.5884	0.3
19.5884	0.2
19.5884	0.2
19.5888	0.1
19.5888	0.1
19.5896	0.1
19.5896	0.2
19.5896	0.2
19.5896	0.1
19.5896	0.3
19.5896	0.2
19.5896	0.3
19.5896	0.2
19.5896	0.2
19.5896	0.1
19.5896	0.1
19.5896	0.1
19.5896	0.2
19.5896	0.2
19.5896	0.1
19.5904	0.3
19.5932	0.2
19.596	0.3
19.5992	0.2
19.602	0.2
19.6048	0.2
19.6052	0.1
19.6052	0.2
19.606	0.1
19.606	0.2
19.606	0.2
19.606	0.1
19.606	0.2
19.606	0.2
19.606	0.2
19.606	0.1
19.606	0.2
19.606	0.1
19.606	0.2
19.6068	0.3
19.6068	0.2
19.6096	0.2
19.6096	0.1
19.6104	0.1
19.612	0.1
19.6124	0.2
19.6136	0.1
19.6196	0.2
19.6224	0.2
19.6316	0.3
19.6352	0.2
19.6392	0.2
19.6408	0.1
19.642	0.2
19.642	0.2
19.642	0.1
19.6428	0.2
19.6428	0.3
19.6428	0.2
19.6428	0.2
19.6428	0.1
19.6436	0.2
19.6436	0.2
19.6436	0.1
19.6436	0.2
19.6436	0.2
19.6436	0.1
19.6436	0.2
19.6436	0.2
19.6436	0.1
19.6436	0.2
19.6436	0.2
19.6436	0.1
19.6436	0.2
19.644	0.3
19.644	0.2
19.644	0.2
19.6456	0.1
19.6456	0.2
19.6456	0.2
19.6456	0.1
19.646	0.2
19.646	0.2
19.646	0.1
19.646	0.2
19.646	0.2
19.646	0.1
19.6464	0.2
19.6464	0.2
19.6464	0.1
19.6464	0.2
19.6464	0.2
19.6464	0.1
19.6464	0.2
19.6464	0.2
19.6464	0.1
19.6464	0.2
19.6464	0.2
19.6464	0.1
19.6464	0.2
19.6464	0.2
19.6468	0.1
19.6472	0.2
19.6476	0.2
19.652	0.1
19.6556	0.2
19.6568	0.2
19.6656	0.1
19.6764	0.2
19.6812	0.2
19.6988	0.1
19.71	0.2
19.724	0.2
19.7376	0.1
19.7708	0.2
19.7896	0.2
19.8176	0.1
19.8336	0.2
19.8488	0.2
19.8492	0.1
19.8692	0.2
19.8768	0.2
19.8972	0.1
19.8996	0.2
19.9056	0.2
19.9084	0.1
19.9096	0.2
19.9096	0.2
19.9096	0.1
19.9096	0.2
19.9096	0.2
19.9096	0.1
19.9096	0.2
19.9096	0.2
19.9096	0.1
19.9096	0.2
19.9096	0.2
19.9124	0.1
19.9124	0.2
19.9124	0.2
19.9124	0.1
19.9124	0.2
19.9124	0.2
19.9124	0.1
19.9124	0.2
19.9124	0.2
19.9124	0.1
19.9128	0.2
19.9132	0.2
19.9176	0.1
19.92	0.2
19.9204	0.2
19.922	0.1
19.9228	0.2
19.9228	0.3
19.924	0.2
19.924	0.2
19.924	0.1
19.924	0.2
19.924	0.2
19.924	0.1
19.924	0.2
19.924	0.2
19.924	0.1
19.924	0.2
19.924	0.2
19.924	0.1
19.924	0.2
19.924	0.2
19.924	0.1
19.924	0.2
19.924	0.2
19.9256	0.1
19.9256	0.2
19.9256	0.2
19.9256	0.1
19.9256	0.2
19.9256	0.2
19.9256	0.1
19.9256	0.2
19.9256	0.2
19.9256	0.1
19.9256	0.2
19.9256	0.2
19.9256	0.1
19.9256	0.2
19.9256	0.2
19.9256	0.1
19.9256	0.2
19.9256	0.2
19.9256	0.1
19.9256	0.2
19.9256	0.3
19.9256	0.2
19.9256	0.2
19.926	0.1
19.926	0.2
19.926	0.2
19.9264	0.1
19.9264	0.2
19.9268	0.2
19.9268	0.1
19.9268	0.2
19.9272	0.2
19.9272	0.1
19.9272	0.2
19.9272	0.2
19.9272	0.1
19.9272	0.2
19.9272	0.3
19.9272	0.2
19.9272	0.2
19.9272	0.1
19.9272	0.2
19.9272	0.2
19.9272	0.1
19.9272	0.2
19.9272	0.2
19.9272	0.1
19.9272	0.2
19.9272	0.3
19.9272	0.2
19.9272	0.2
19.9272	0.1
19.9272	0.2
19.9272	0.2
19.9272	0.1
19.9272	0.2
19.9276	0.2
19.928	0.1
19.928	0.2
19.928	0.3
19.928	0.2
19.928	0.2
19.928	0.1
19.928	0.2
19.928	0.2
19.928	0.1
19.928	0.2
19.928	0.2
19.928	0.1
19.928	0.2
19.928	0.3
19.928	0.2
19.928	0.2
19.928	0.1
19.928	0.2
19.928	0.2
19.928	0.1
19.928	0.2
19.928	0.2
19.928	0.1
19.928	0.2
19.928	0.2
19.928	0.1
19.928	0.2
19.928	0.2
19.928	0.1
19.928	0.2
19.928	0.2
19.928	0.1
19.928	0.2
19.928	0.2
19.928	0.1
19.928	0.2
19.928	0.2
19.928	0.1
19.928	0.2
19.928	0.2
19.928	0.1
19.928	0.2
19.928	0.3
19.928	0.2
19.928	0.2
19.928	0.1
19.928	0.2
19.928	0.2
19.928	0.1
19.928	0.2
19.9284	0.2
19.9284	0.1
19.9284	0.2
19.9284	0.3
19.9284	0.2
19.9292	0.2
19.9292	0.1
19.9292	0.2
19.9292	0.2
19.9296	0.1
19.9296	0.2
19.9296	0.2
19.9296	0.1
19.9296	0.2
19.9296	0.3
19.9296	0.2
19.9296	0.2
19.9296	0.1
19.9296	0.2
19.9296	0.2
19.9296	0.1
19.9296	0.2
19.9296	0.2
19.9296	0.1
19.9296	0.2
19.9296	0.2
19.9296	0.1
19.9296	0.2
19.9296	0.2
19.9296	0.1
19.9296	0.2
19.9296	0.2
19.9296	0.1
19.9296	0.2
19.9296	0.2
19.9296	0.1
19.9296	0.2
19.9296	0.2
19.9296	0.1
19.9296	0.2
19.9296	0.2
19.9296	0.1
19.9296	0.2
19.9296	0.2
19.9296	0.1
19.9296	0.2
19.9296	0.2
19.9296	0.1
19.9296	0.2
19.9296	0.2
19.9296	0.1
19.9296	0.2
19.93	0.2
19.93	0.1
19.93	0.2
19.93	0.2
19.93	0.1
19.93	0.2
19.93	0.2
19.93	0.1
19.93	0.2
19.93	0.2
19.93	0.1
19.93	0.2
19.93	0.2
19.93	0.1
19.93	0.2
19.93	0.2
19.93	0.1
19.93	0.2
19.93	0.2
19.93	0.1
19.93	0.2
19.93	0.2
19.93	0.1
19.93	0.2
19.9304	0.2
19.9304	0.1
19.9304	0.2
19.9304	0.2
19.9304	0.1
19.9304	0.2
19.9304	0.2
19.9304	0.1
19.9304	0.2
19.9304	0.3
19.9304	0.2
19.9304	0.2
19.9304	0.1
19.9304	0.2
19.9304	0.2
19.9304	0.1
19.9304	0.2
19.9304	0.2
19.9304	0.1
19.9304	0.2
19.9304	0.2
19.9304	0.1
19.9304	0.2
19.9304	0.2
19.9304	0.1
19.9304	0.2
19.9304	0.2
19.9304	0.1
19.9304	0.2
19.9304	0.2
19.9304	0.1
19.9304	0.2
19.9304	0.3
19.9304	0.2
19.9304	0.2
19.9304	0.1
19.9304	0.2
19.9304	0.2
19.9304	0.1
19.9304	0.2
19.9304	0.2
19.9304	0.1
19.9304	0.2
19.9304	0.2
19.9304	0.1
19.9304	0.2
19.9304	0.2
19.9304	0.1
19.9304	0.2
19.9304	0.2
19.9304	0.1
19.9304	0.2
19.9304	0.3
19.9304	0.2
19.9304	0.2
19.9304	0.1
19.9304	0.2
19.9304	0.2
19.9304	0.1
19.9304	0.2
19.9304	0.2
19.9304	0.2
19.9304	0.2
19.9304	0.2
19.9304	0.1
19.9304	0.2
19.9304	0.2
19.9304	0.1
19.9304	0.2
19.9304	0.2
19.9304	0.1
19.9304	0.2
19.9304	0.2
19.9304	0.1
19.9304	0.2
19.9304	0.3
19.9304	0.2
19.9304	0.2
19.9308	0.1
19.9308	0.2
19.9308	0.2
19.9308	0.1
19.9308	0.2
19.9308	0.2
19.9308	0.1
19.9308	0.2
19.9308	0.3
19.9308	0.2
19.9308	0.2
19.9308	0.1
19.9308	0.2
19.9308	0.2
19.9308	0.1
19.9308	0.2
19.9308	0.2
19.9308	0.1
19.9308	0.2
19.9308	0.3
19.9308	0.2
19.9308	0.2
19.9308	0.1
19.9308	0.2
19.9308	0.2
19.9308	0.1
19.9308	0.2
19.9308	0.2
19.9312	0.1
19.9312	0.2
19.9312	0.2
19.9312	0.1
19.9312	0.2
19.9312	0.2
19.9312	0.1
19.9316	0.2
19.9316	0.3
19.9316	0.2
19.9316	0.2
19.9316	0.1
19.9316	0.2
19.9316	0.2
19.9316	0.1
19.9316	0.2
19.9316	0.2
19.9316	0.1
19.9316	0.2
19.9316	0.3
19.9316	0.2
19.9316	0.2
19.9316	0.1
19.9316	0.2
19.9316	0.2
19.9316	0.1
19.9316	0.2
19.9316	0.2
19.9316	0.1
19.9316	0.2
19.9316	0.3
19.9316	0.2
19.9316	0.2
19.9316	0.1
19.9316	0.2
19.9316	0.2
19.9316	0.1
19.9316	0.2
19.9316	0.2
19.9316	0.1
19.9316	0.2
19.9316	0.3
19.9316	0.2
19.9316	0.2
19.9316	0.1
19.9316	0.2
19.9316	0.2
19.9316	0.1
19.9316	0.2
19.9316	0.2
19.9316	0.1
19.9316	0.2
19.9316	0.2
19.9316	0.1
19.9316	0.2
19.9316	0.2
19.9316	0.1
19.9316	0.2
19.932	0.2
19.932	0.1
19.932	0.2
19.932	0.2
19.932	0.1
19.932	0.2
19.932	0.2
19.932	0.1
19.932	0.2
19.932	0.2
19.932	0.1
19.932	0.2
19.932	0.2
19.932	0.1
19.932	0.2
19.932	0.2
19.932	0.1
19.932	0.2
19.9324	0.2
19.9324	0.1
19.9324	0.2
19.9324	0.2
19.9324	0.1
19.9324	0.2
19.9324	0.2
19.9324	0.1
19.9324	0.2
19.9324	0.2
19.9324	0.1
19.9324	0.2
19.9324	0.2
19.9324	0.1
19.9324	0.2
19.9324	0.2
19.9324	0.1
19.9324	0.2
19.9324	0.3
19.9324	0.2
19.9324	0.2
19.9324	0.1
19.9324	0.2
19.9324	0.2
19.9324	0.1
19.9324	0.2
19.9324	0.2
19.9324	0.1
19.9324	0.2
19.9324	0.2
19.9324	0.1
19.9324	0.2
19.9324	0.2
19.9324	0.1
19.9324	0.2
19.9324	0.2
19.9324	0.1
19.9324	0.2
19.9324	0.2
19.9324	0.1
19.9324	0.2
19.9324	0.3
19.9324	0.2
19.9324	0.2
19.9324	0.1
19.9324	0.2
19.9324	0.2
19.9324	0.1
19.9324	0.2
19.9324	0.2
19.9324	0.1
19.9324	0.2
19.9324	0.3
19.9324	0.2
19.9324	0.2
19.9324	0.1
19.9324	0.2
19.9324	0.2
19.9324	0.1
19.9324	0.2
19.9324	0.2
19.9324	0.1
19.9324	0.2
19.9324	0.2
19.9324	0.1
19.9324	0.2
19.9324	0.3
19.9324	0.2
19.9324	0.2
19.9324	0.1
19.9324	0.2
19.9324	0.2
19.9324	0.1
19.9324	0.2
19.9324	0.2
19.9324	0.1
19.9324	0.2
19.9324	0.2
19.9324	0.1
19.9324	0.2
19.9324	0.2
19.9324	0.1
19.9324	0.2
19.9324	0.2
19.9324	0.1
19.9324	0.2
19.9324	0.3
19.9324	0.2
19.9324	0.2
19.9324	0.1
19.9324	0.2
19.9324	0.2
19.9324	0.1
19.9324	0.2
19.9324	0.2
19.9324	0.1
19.9324	0.2
19.9324	0.3
19.9324	0.2
19.9324	0.2
19.9324	0.1
19.9324	0.2
19.9324	0.2
19.9324	0.1
19.9324	0.2
19.9324	0.2
19.9324	0.1
19.9324	0.2
19.9324	0.3
19.9324	0.2
19.9324	0.2
19.9324	0.1
19.9324	0.2
19.9324	0.2
19.9324	0.1
19.9324	0.2
19.9324	0.2
19.9324	0.1
19.9324	0.2
19.9324	0.2
19.9324	0.1
19.9324	0.2
19.9324	0.2
19.9324	0.1
19.9324	0.2
19.9324	0.3
19.9324	0.2
19.9324	0.2
19.9324	0.1
19.9324	0.2
19.9324	0.2
19.9324	0.1
19.9324	0.2
19.9324	0.2
19.9324	0.1
19.9324	0.2
19.9324	0.2
19.9324	0.1
19.9324	0.2
19.9328	0.2
19.9328	0.1
19.9328	0.2
19.9328	0.2
19.9328	0.1
19.9328	0.2
19.9328	0.2
19.9328	0.1
19.9328	0.2
19.9328	0.2
19.9328	0.1
19.9328	0.2
19.9328	0.2
19.9328	0.1
19.9328	0.2
19.9328	0.3
19.9328	0.2
19.9328	0.2
19.9328	0.1
19.9328	0.2
19.9328	0.2
19.9328	0.1
19.9328	0.2
19.9328	0.2
19.9328	0.1
19.9328	0.2
19.9328	0.3
19.9328	0.2
19.9328	0.2
19.9328	0.1
19.9328	0.2
19.9328	0.2
19.9328	0.1
19.9328	0.2
19.9332	0.2
19.9332	0.1
19.9332	0.2
19.9332	0.3
19.9332	0.2
19.9332	0.2
19.9332	0.1
19.9332	0.2
19.9332	0.2
19.9344	0.1
19.9344	0.2
19.9344	0.2
19.9344	0.1
19.9344	0.2
19.9344	0.2
19.9344	0.1
19.9344	0.2
19.9344	0.2
19.9344	0.1
19.9344	0.2
19.9344	0.2
19.9344	0.1
19.9344	0.2
19.9344	0.2
19.9344	0.1
19.9344	0.2
19.9344	0.2
19.9344	0.1
19.9344	0.2
19.9344	0.2
19.9344	0.1
19.9344	0.2
19.9344	0.2
19.9344	0.1
19.9344	0.2
19.9344	0.2
19.9344	0.1
19.9344	0.2
19.9344	0.2
19.9344	0.1
19.9344	0.2
19.9344	0.2
19.9344	0.1
19.9344	0.2
19.9344	0.2
19.9344	0.1
19.9344	0.2
19.9344	0.2
19.9344	0.1
19.9344	0.2
19.9344	0.2
19.9344	0.1
19.9344	0.2
19.9344	0.2
19.9344	0.1
19.9344	0.2
19.9344	0.2
19.9344	0.1
19.9344	0.2
19.9344	0.2
19.9344	0.1
19.9344	0.2
19.9344	0.2
19.9344	0.1
19.9344	0.2
