Created robot #0
  Memory locations:
	Port:	6665
	Client:		0x1b02880
	Pos2dProxy:	0x1b07ca0
	Ranger:		0x1b07f80
	Map:		0x7fff800dd5c0

Created robot #1
  Memory locations:
	Port:	6666
	Client:		0x1b082d0
	Pos2dProxy:	0x1b06620
	Ranger:		0x1b06900
	Map:		0x7fff800dd620

Created robot #2
  Memory locations:
	Port:	6667
	Client:		0x1b06a90
	Pos2dProxy:	0x1b08440
	Ranger:		0x1b08720
	Map:		0x7fff800dd680

Created robot #3
  Memory locations:
	Port:	6668
	Client:		0x1b088b0
	Pos2dProxy:	0x1b08c60
	Ranger:		0x1b08f40
	Map:		0x7fff800dd6e0

Created robot #4
  Memory locations:
	Port:	6669
	Client:		0x1b090d0
	Pos2dProxy:	0x1b09440
	Ranger:		0x1b09720
	Map:		0x7fff800dd740

Created robot #5
  Memory locations:
	Port:	6670
	Client:		0x1b098b0
	Pos2dProxy:	0x1b09c20
	Ranger:		0x1b09f00
	Map:		0x7fff800dd7a0

Created robot #6
  Memory locations:
	Port:	6671
	Client:		0x1b0a090
	Pos2dProxy:	0x1b0a400
	Ranger:		0x1b0a6e0
	Map:		0x7fff800dd800

Created robot #7
  Memory locations:
	Port:	6672
	Client:		0x1b0a870
	Pos2dProxy:	0x1b0abe0
	Ranger:		0x1b0aec0
	Map:		0x7fff800dd860

Created robot #8
  Memory locations:
	Port:	6673
	Client:		0x1b0b050
	Pos2dProxy:	0x1b0b3c0
	Ranger:		0x1b0b6a0
	Map:		0x7fff800dd8c0

Created robot #9
  Memory locations:
	Port:	6674
	Client:		0x1b0b830
	Pos2dProxy:	0x1b0bba0
	Ranger:		0x1b0be80
	Map:		0x7fff800dd920

Press any key to begin, and q to stop.
Explored (%)	Simulation Timestep (s)
0	4.4
7.0316	0.2
8.1284	0.1
8.65	0.2
8.9904	0.3
9.274	0.2
9.5344	0.2
9.7584	0.3
10.0496	0.2
10.28	0.1
10.5808	0.2
10.9072	0.3
11.1684	0.2
11.4732	0.2
11.7968	0.1
12.1196	0.2
12.4216	0.3
12.6812	0.2
12.952	0.2
13.1804	0.2
13.4052	0.2
13.6136	0.2
13.8476	0.1
14.1728	0.2
14.554	0.3
14.8884	0.2
15.1464	0.2
15.4136	0.1
15.8112	0.2
16.144	0.3
16.4552	0.2
16.7232	0.3
17.0136	0.2
17.3828	0.2
17.7512	0.1
18.0196	0.2
18.3264	0.3
18.6912	0.2
19.1012	0.2
19.4236	0.1
19.8268	0.2
20.2564	0.3
20.644	0.2
20.9208	0.2
21.2428	0.1
21.6148	0.2
21.9584	0.3
22.2932	0.2
22.7048	0.2
23.1172	0.1
23.6824	0.2
24.2684	0.3
24.728	0.2
25.0732	0.2
25.424	0.1
25.7932	0.2
26.2576	0.2
26.6936	0.1
27.102	0.3
27.5844	0.2
28.0092	0.2
28.3332	0.1
28.5772	0.2
28.8452	0.3
29.3632	0.2
29.7896	0.2
30.2068	0.1
30.546	0.2
30.8044	0.3
31.2996	0.2
31.6572	0.2
31.9232	0.1
32.146	0.2
32.432	0.3
32.8192	0.2
33.3636	0.3
33.786	0.2
34.0624	0.2
34.386	0.1
34.7092	0.2
34.9864	0.3
35.2972	0.2
35.6236	0.2
35.8812	0.1
36.208	0.2
36.5776	0.3
36.9772	0.2
37.2004	0.2
37.4428	0.1
37.8392	0.2
38.0988	0.3
38.5032	0.2
38.9304	0.2
39.3508	0.1
39.7452	0.2
40.2036	0.3
40.6748	0.2
41.1556	0.2
41.5644	0.1
42.0068	0.2
42.4832	0.3
43.0856	0.2
43.5544	0.2
43.9532	0.1
44.4304	0.2
44.9692	0.3
45.372	0.2
45.6356	0.2
45.9328	0.1
46.4028	0.2
46.9396	0.3
47.3528	0.2
47.7832	0.2
48.1612	0.1
48.6272	0.2
49.1116	0.3
49.5512	0.2
49.988	0.2
50.2584	0.1
50.6164	0.2
50.9468	0.3
51.226	0.2
51.486	0.2
51.8072	0.1
52.1628	0.2
52.4996	0.3
52.7504	0.2
52.9952	0.2
53.4336	0.1
53.742	0.2
54.1044	0.3
54.4192	0.2
54.828	0.2
55.2056	0.1
55.49	0.2
55.816	0.3
56.1732	0.2
56.4032	0.3
56.68	0.1
57.0288	0.3
57.2688	0.2
57.5088	0.2
57.7364	0.2
58.0244	0.1
58.4112	0.3
58.6768	0.2
58.9816	0.2
59.3236	0.2
59.7536	0.1
60.2056	0.3
60.706	0.2
61.0264	0.2
61.2548	0.2
61.5732	0.1
61.8504	0.4
62.2048	0.1
62.4692	0.4
62.7168	0.1
62.9756	0.3
63.1716	0.1
63.2836	0.1
63.48	0.4
63.6556	0.1
63.7728	0.3
63.9596	0.2
64.0988	0.3
64.1924	0.2
64.4124	0.3
64.6156	0.2
64.8236	0.3
64.9912	0.2
65.1304	0.3
65.2684	0.2
65.4084	0.3
65.548	0.2
65.6968	0.3
65.782	0.2
65.8696	0.3
65.948	0.2
66.0232	0.3
66.0688	0.2
66.096	0.3
66.1052	0.2
66.1172	0.3
66.128	0.2
66.1464	0.3
66.166	0.2
66.1696	0.3
66.2216	0.2
66.2256	0.3
66.228	0.2
66.2328	0.3
66.2376	0.2
66.2556	0.3
66.258	0.2
66.2748	0.3
66.276	0.2
66.2852	0.3
66.2904	0.2
66.2944	0.3
66.2976	0.2
66.304	0.3
66.3088	0.2
66.3132	0.3
66.3176	0.2
66.3304	0.3
66.3456	0.2
66.3672	0.3
66.3764	0.2
66.3812	0.3
66.3868	0.2
66.4088	0.3
66.436	0.2
66.476	0.3
66.5228	0.2
66.5488	0.2
66.5732	0.3
66.5952	0.2
66.6228	0.3
66.6624	0.2
66.6872	0.2
66.7064	0.3
66.744	0.2
66.7792	0.1
66.8156	0.4
66.846	0.1
66.8728	0.4
66.8928	0.1
66.9332	0.3
66.9572	0.2
66.9836	0.3
67.0016	0.2
67.0536	0.3
67.0844	0.2
67.1248	0.3
67.1584	0.2
67.1884	0.3
67.2136	0.2
67.2368	0.3
67.27	0.2
67.2888	0.3
67.3144	0.2
67.3376	0.3
67.362	0.2
67.3864	0.3
67.43	0.2
67.4724	0.3
67.5252	0.2
67.5844	0.3
67.662	0.2
67.7336	0.2
67.7652	0.3
67.8412	0.2
67.8628	0.3
67.9524	0.2
68.0212	0.2
68.1424	0.3
68.1776	0.2
68.2908	0.3
68.3364	0.2
68.38	0.1
68.4024	0.4
68.5132	0.1
68.6084	0.4
68.6688	0.1
68.704	0.3
68.78	0.2
68.8144	0.3
68.8624	0.2
68.9144	0.3
68.9244	0.2
68.9668	0.3
68.986	0.2
69.0468	0.2
69.1052	0.3
69.164	0.2
69.1968	0.3
69.238	0.2
69.2676	0.3
69.2728	0.2
69.2908	0.3
69.2976	0.2
69.304	0.3
69.3072	0.2
69.312	0.3
69.3124	0.2
69.3136	0.2
69.3196	0.3
69.3196	0.2
69.3204	0.1
69.3204	0.4
69.3204	0.1
69.3204	0.4
69.3204	0.1
69.3204	0.4
69.3204	0.1
69.3204	0.4
69.3212	0.1
69.3236	0.4
69.3248	0.1
69.3468	0.2
69.3724	0.3
69.4136	0.2
69.45	0.3
69.52	0.2
69.5968	0.3
69.654	0.2
69.7148	0.3
69.8692	0.2
70.05	0.3
70.146	0.2
70.2856	0.2
70.4392	0.3
70.5488	0.2
70.7176	0.3
70.8912	0.2
71.108	0.3
71.2896	0.2
71.4996	0.3
71.6932	0.2
71.8344	0.3
71.996	0.2
72.166	0.1
72.3668	0.4
72.5836	0.1
72.8508	0.4
73.1704	0.1
73.4128	0.2
73.6868	0.3
73.906	0.2
74.1236	0.3
74.336	0.2
74.5716	0.3
74.766	0.2
74.9296	0.3
75.2084	0.2
75.3732	0.3
75.7384	0.2
76.0404	0.3
76.318	0.2
76.4636	0.3
76.774	0.2
76.946	0.3
77.2956	0.2
77.6008	0.3
77.8816	0.2
78.1636	0.3
78.4088	0.2
78.544	0.3
78.9	0.2
79.0964	0.3
79.2916	0.2
79.5364	0.3
79.7048	0.2
79.8196	0.3
80.0972	0.2
80.2768	0.2
80.4456	0.1
80.6268	0.4
80.694	0.1
80.8224	0.2
80.918	0.2
81.1508	0.3
81.3936	0.2
81.6028	0.3
81.7624	0.2
81.9108	0.3
82.0268	0.2
82.1496	0.3
82.216	0.3
82.338	0.2
82.534	0.3
82.7216	0.2
82.9736	0.3
83.0856	0.2
83.1892	0.3
83.2868	0.2
83.528	0.3
83.732	0.2
83.9416	0.3
84.0596	0.2
84.2464	0.3
84.31	0.2
84.5624	0.3
84.7904	0.2
85.0776	0.3
85.3084	0.2
85.4972	0.3
85.7016	0.2
85.926	0.3
86.058	0.2
86.2824	0.3
86.4304	0.2
86.6036	0.3
86.7996	0.2
87.0792	0.2
87.3508	0.1
87.5972	0.2
87.7876	0.2
88.0212	0.3
88.1308	0.2
88.3296	0.3
88.534	0.2
88.7408	0.1
88.984	0.4
89.2132	0.1
89.514	0.4
89.6988	0.1
89.974	0.2
90.1992	0.3
90.3948	0.2
90.5784	0.3
90.862	0.2
91.164	0.3
91.4572	0.2
91.6588	0.3
91.8812	0.2
92.0636	0.3
92.2468	0.2
92.4784	0.3
92.756	0.2
92.98	0.3
93.2536	0.2
93.4788	0.3
93.68	0.2
93.8296	0.3
94.1204	0.2
94.366	0.3
94.5796	0.2
94.7916	0.3
95.0188	0.2
95.2476	0.3
95.548	0.2
95.8404	0.3
96.1612	0.2
96.4184	0.3
96.6996	0.2
96.9528	0.3
97.2552	0.2
97.4468	0.3
97.6884	0.2
97.9108	0.3
98.088	0.2
98.252	0.3
98.3928	0.2
98.5508	0.3
98.6972	0.2
98.7796	0.2
98.8228	0.3
98.8592	0.2
98.8936	0.3
98.9164	0.2
98.9444	0.3
98.9652	0.2
98.9864	0.3
99.0216	0.2
99.0764	0.3
99.112	0.2
99.1576	0.3
99.202	0.2
99.2644	0.3
99.2996	0.2
99.3264	0.3
99.3424	0.2
99.3652	0.3
99.386	0.2
99.3992	0.3
99.4076	0.2
99.4148	0.1
99.4152	0.4
99.4172	0.1
99.4252	0.2
99.4524	0.3
99.4692	0.2
99.4908	0.3
99.5016	0.2
99.5104	0.3
99.5152	0.2
99.5204	0.3
