Created robot #0
  Memory locations:
	Port:	6665
	Client:		0x1bb6880
	Pos2dProxy:	0x1bbbca0
	Ranger:		0x1bbbf80
	Map:		0x7ffebd3fa140

Created robot #1
  Memory locations:
	Port:	6666
	Client:		0x1bbc2d0
	Pos2dProxy:	0x1bba620
	Ranger:		0x1bba900
	Map:		0x7ffebd3fa1a0

Press any key to begin, and q to stop.
Explored (%)	Simulation Timestep (s)
0	11.8
2.8672	0.2
4.068	0.2
4.8728	0.1
5.224	0.2
5.5308	0.2
5.8384	0.1
6.0516	0.2
6.2112	0.2
6.2868	0.1
6.4008	0.2
6.6032	0.2
6.7264	0.1
6.9132	0.2
7.0784	0.2
7.1712	0.1
7.3128	0.2
7.4908	0.2
7.6072	0.1
7.7744	0.2
7.9464	0.2
8.0472	0.1
8.2344	0.2
8.4196	0.2
8.5296	0.1
8.696	0.2
8.8048	0.1
9.0248	0.2
9.2416	0.2
9.3624	0.1
9.5384	0.2
9.7068	0.2
9.7964	0.1
9.9552	0.2
10.0996	0.2
10.1864	0.1
10.2792	0.2
10.3424	0.2
10.378	0.1
10.4624	0.2
10.6252	0.2
10.7392	0.1
10.8928	0.2
11.1156	0.2
11.2868	0.1
11.4696	0.2
11.58	0.2
11.7028	0.1
11.8512	0.2
11.9668	0.2
12.0736	0.1
12.1676	0.2
12.2824	0.2
12.3508	0.1
12.4532	0.2
12.5708	0.2
12.6352	0.1
12.7204	0.2
12.798	0.2
12.9	0.1
13.0016	0.2
13.074	0.2
13.1248	0.1
13.174	0.2
13.2204	0.2
13.322	0.1
13.4324	0.2
13.4988	0.2
13.5476	0.1
13.5812	0.2
13.6428	0.2
13.674	0.1
13.7356	0.2
13.7704	0.2
13.8508	0.1
13.8748	0.2
13.9504	0.2
14.0016	0.1
14.0596	0.2
14.1096	0.2
14.1372	0.1
14.1516	0.2
14.1728	0.2
14.1832	0.1
14.2476	0.2
14.3128	0.2
14.374	0.1
14.442	0.2
14.48	0.2
14.5072	0.1
14.554	0.2
14.588	0.2
14.7644	0.1
14.8764	0.2
15.016	0.2
15.1508	0.1
15.22	0.2
15.2688	0.2
15.3172	0.1
15.3544	0.2
15.4392	0.2
15.5424	0.1
15.6696	0.2
15.76	0.2
15.8396	0.1
15.8888	0.2
15.9176	0.2
15.9396	0.1
16.0404	0.2
16.1344	0.2
16.2004	0.1
16.3004	0.2
16.4288	0.2
16.612	0.1
16.678	0.2
16.7992	0.2
16.9772	0.1
17.0896	0.2
17.216	0.2
17.3596	0.1
17.56	0.2
17.7484	0.2
17.8856	0.1
18.128	0.1
18.2748	0.2
18.4836	0.1
18.6328	0.1
18.8	0.1
19.1388	0.2
19.3464	0.1
19.4536	0.1
19.5548	0.1
19.7092	0.2
19.9208	0.1
19.9796	0.1
20.018	0.1
20.1044	0.2
20.178	0.1
20.376	0.1
20.4208	0.1
20.5232	0.2
20.6364	0.1
20.7096	0.1
20.7584	0.1
20.838	0.2
20.9016	0.1
20.9628	0.1
21.0404	0.1
21.1068	0.2
21.15	0.1
21.204	0.1
21.2928	0.1
21.4556	0.2
21.6296	0.1
21.732	0.1
21.8476	0.1
21.8804	0.2
21.9164	0.1
21.9732	0.1
22.0056	0.1
22.0628	0.2
22.1396	0.1
22.2016	0.1
22.2344	0.1
22.3908	0.2
22.5384	0.1
22.5772	0.1
22.6576	0.1
22.918	0.2
23.0408	0.1
23.2756	0.1
23.3792	0.1
23.5552	0.2
23.6924	0.1
23.8556	0.1
23.998	0.1
24.1388	0.2
24.2016	0.1
24.3628	0.1
24.4596	0.1
24.6164	0.2
24.8032	0.1
24.9896	0.1
25.14	0.1
25.3024	0.2
25.4292	0.1
25.5576	0.1
25.5868	0.1
25.6984	0.2
25.7692	0.1
25.8288	0.1
25.9212	0.1
26.0464	0.2
26.1592	0.1
26.228	0.1
26.3144	0.1
26.5304	0.2
26.7032	0.1
26.8952	0.1
27.0116	0.1
27.1396	0.2
27.1988	0.1
27.256	0.1
27.2992	0.1
27.4356	0.2
27.5532	0.1
27.712	0.1
27.77	0.1
27.934	0.2
28.112	0.1
28.1616	0.1
28.2052	0.1
28.2864	0.2
28.346	0.1
28.406	0.1
28.5108	0.1
28.6544	0.2
28.7428	0.1
28.8708	0.1
28.9568	0.1
29.1788	0.2
29.3684	0.1
29.5072	0.1
29.6848	0.1
29.8756	0.2
29.9764	0.1
30.054	0.1
30.1968	0.1
30.3104	0.2
30.3932	0.1
30.5068	0.1
30.6296	0.1
30.7584	0.2
30.852	0.1
30.9112	0.1
30.994	0.1
31.0424	0.2
31.0856	0.1
31.1196	0.1
31.1836	0.1
31.3132	0.2
31.3824	0.1
31.4216	0.1
31.5364	0.1
31.7344	0.2
31.8948	0.1
31.9944	0.1
32.0368	0.1
32.1956	0.2
32.3464	0.1
32.496	0.1
32.6184	0.1
32.714	0.2
32.796	0.1
32.8908	0.1
32.9624	0.1
33.0156	0.2
33.066	0.1
33.1172	0.1
33.1604	0.1
33.1984	0.2
33.218	0.1
33.2392	0.1
33.2592	0.1
33.2708	0.2
33.2764	0.1
33.2852	0.1
33.2948	0.1
33.3084	0.2
33.3136	0.1
33.3208	0.1
33.3308	0.1
33.3376	0.2
33.342	0.1
33.3492	0.1
33.358	0.1
33.3624	0.2
33.3644	0.1
33.368	0.1
33.3688	0.1
33.37	0.2
33.3704	0.1
33.3704	0.1
33.3704	0.1
33.3708	0.2
33.372	0.1
33.372	0.1
33.3736	0.1
33.3768	0.2
33.378	0.1
33.378	0.1
33.3812	0.1
33.3836	0.2
33.3852	0.1
33.3884	0.1
33.3888	0.1
33.3888	0.2
33.3888	0.1
33.3892	0.1
33.3896	0.1
33.3904	0.2
33.3912	0.1
33.3912	0.1
33.3912	0.1
33.3916	0.2
33.3916	0.1
33.392	0.1
33.392	0.1
33.392	0.2
33.392	0.1
33.392	0.1
33.392	0.1
33.3924	0.2
33.406	0.1
33.4212	0.1
33.446	0.1
33.4672	0.2
33.4712	0.1
33.4744	0.1
33.4768	0.1
33.4892	0.2
33.4912	0.1
33.4928	0.1
33.4936	0.1
33.494	0.2
33.4952	0.1
33.4996	0.1
33.5116	0.1
33.512	0.2
33.5244	0.1
33.536	0.1
33.5488	0.1
33.5528	0.2
33.5548	0.1
33.5584	0.1
33.5636	0.1
33.568	0.2
33.5684	0.1
33.5744	0.1
33.576	0.1
33.576	0.2
33.5792	0.1
33.5792	0.1
33.5832	0.1
33.5904	0.2
33.5988	0.1
33.6012	0.1
33.606	0.1
33.61	0.2
33.6136	0.1
33.6188	0.1
33.6208	0.1
33.6216	0.2
33.622	0.1
33.622	0.1
33.6236	0.1
33.6244	0.2
33.626	0.1
33.6268	0.1
33.628	0.1
33.628	0.2
33.6284	0.1
33.6288	0.1
33.6292	0.1
33.6296	0.2
33.6296	0.1
33.63	0.1
33.6308	0.1
33.6416	0.2
33.6448	0.1
33.6492	0.1
33.6492	0.1
33.6492	0.2
33.6492	0.1
33.6496	0.1
33.6496	0.1
33.6596	0.2
33.66	0.1
33.66	0.2
33.66	0.2
33.6608	0.2
33.6608	0.1
33.6608	0.2
33.6608	0.2
33.6608	0.1
33.6612	0.2
33.6612	0.2
33.6612	0.1
33.6616	0.2
33.6616	0.2
33.6616	0.1
33.662	0.2
33.6624	0.2
33.664	0.1
33.6672	0.2
33.6792	0.2
33.69	0.1
33.7128	0.2
33.7284	0.2
33.7316	0.1
33.7324	0.2
33.7324	0.2
33.7332	0.1
33.7352	0.2
33.7496	0.2
33.7596	0.1
33.7776	0.2
33.782	0.2
33.7868	0.1
33.7916	0.2
33.8088	0.2
33.814	0.1
33.8204	0.2
33.8292	0.2
33.8292	0.1
33.8352	0.2
33.846	0.2
33.8512	0.1
33.8692	0.2
33.9064	0.2
33.928	0.1
33.9584	0.2
33.9744	0.2
33.9884	0.1
34.0228	0.2
34.052	0.2
34.1064	0.1
34.1452	0.2
34.2288	0.2
34.3316	0.1
34.4204	0.2
34.4528	0.2
34.5076	0.1
34.5948	0.2
34.6376	0.2
34.6664	0.1
34.7752	0.2
34.8844	0.2
34.9104	0.1
35.0652	0.2
35.306	0.2
35.5004	0.1
35.6436	0.2
35.7016	0.2
35.84	0.1
35.9632	0.2
36.1372	0.2
36.2284	0.1
36.5436	0.2
36.7604	0.2
36.9628	0.1
37.1536	0.2
37.3064	0.2
37.4024	0.1
37.572	0.2
37.7296	0.2
37.8036	0.1
37.9076	0.2
38.0756	0.2
38.254	0.1
38.5808	0.2
38.7116	0.2
38.8624	0.1
39.0164	0.2
39.1368	0.2
39.2068	0.1
39.3844	0.2
39.5192	0.2
39.764	0.1
39.8268	0.2
40.0012	0.2
40.1056	0.1
40.2464	0.2
40.3212	0.2
40.5172	0.1
40.6304	0.2
40.8348	0.2
41.0148	0.1
41.1196	0.2
41.23	0.2
41.4604	0.1
41.6412	0.2
41.8156	0.2
42.0272	0.1
42.2952	0.2
42.4916	0.2
42.602	0.1
42.6604	0.2
42.7804	0.2
42.8272	0.1
42.9772	0.2
43.0932	0.2
43.1896	0.1
43.3672	0.2
43.5776	0.2
43.7256	0.1
43.8456	0.2
43.9276	0.2
44.0324	0.1
44.1416	0.2
44.288	0.2
44.3372	0.1
44.4476	0.2
44.5716	0.2
44.6752	0.1
44.7944	0.2
45.0044	0.2
45.1112	0.1
45.2756	0.2
45.516	0.2
45.6164	0.1
45.7464	0.2
45.8176	0.2
45.8976	0.1
46.072	0.2
46.3308	0.2
46.478	0.1
46.614	0.2
46.7312	0.2
46.7992	0.1
47.0444	0.2
47.2732	0.2
47.3692	0.1
47.4584	0.2
47.618	0.2
47.7292	0.1
47.8188	0.2
47.9528	0.2
48.1348	0.1
48.3396	0.2
48.476	0.2
48.6292	0.1
48.7696	0.2
48.8644	0.2
48.9436	0.1
48.9776	0.2
49.0172	0.2
49.0364	0.1
49.0824	0.2
49.1364	0.2
49.1648	0.1
49.19	0.2
49.2028	0.2
49.2168	0.1
49.228	0.2
49.244	0.2
49.2544	0.1
49.2572	0.2
49.2636	0.2
49.2652	0.1
49.27	0.2
49.2736	0.2
49.2748	0.1
49.2868	0.2
49.2872	0.2
49.2924	0.1
49.2948	0.2
49.2952	0.2
49.2996	0.1
49.3016	0.2
49.3088	0.2
49.322	0.1
49.33	0.2
49.342	0.2
49.3428	0.1
49.3432	0.2
49.3432	0.2
49.3448	0.1
49.3448	0.2
49.3456	0.2
49.3456	0.1
49.3488	0.2
49.35	0.2
49.3512	0.1
49.352	0.2
49.352	0.2
49.3552	0.1
49.3556	0.2
49.3556	0.2
49.3556	0.1
49.3556	0.2
49.3564	0.2
49.3564	0.1
49.3568	0.2
49.3572	0.2
49.3572	0.1
49.3572	0.2
49.3572	0.2
49.3572	0.1
49.3576	0.2
49.3596	0.2
49.3596	0.1
49.36	0.2
49.36	0.2
49.3604	0.1
49.3604	0.2
49.3604	0.2
49.3608	0.1
49.3616	0.2
49.364	0.2
49.3644	0.1
49.3672	0.2
49.3676	0.2
49.3728	0.1
49.374	0.2
49.3752	0.2
49.3756	0.1
49.3756	0.2
49.3784	0.2
49.3792	0.1
49.3824	0.2
49.4028	0.2
49.4204	0.1
49.4228	0.2
49.43	0.2
49.4524	0.1
49.4656	0.2
49.4764	0.2
49.4796	0.1
49.4872	0.2
49.5008	0.2
49.5088	0.1
49.5172	0.2
49.5256	0.2
49.5544	0.1
49.5816	0.2
49.6148	0.2
49.6372	0.1
49.6672	0.2
49.6988	0.2
49.712	0.1
49.7308	0.2
49.7416	0.2
49.748	0.1
49.75	0.2
49.7504	0.2
49.7552	0.1
49.7584	0.2
49.7584	0.2
49.7584	0.1
49.7584	0.2
49.7592	0.2
49.7592	0.1
49.7592	0.2
49.7592	0.2
49.7592	0.1
49.7592	0.2
49.7592	0.2
49.7592	0.1
49.76	0.2
49.76	0.2
49.7608	0.1
49.7612	0.2
49.7612	0.2
49.762	0.1
49.7624	0.2
49.7628	0.2
49.7628	0.1
49.7628	0.2
49.7628	0.2
49.7628	0.1
49.7628	0.2
49.7628	0.2
49.7628	0.1
49.7628	0.2
49.7628	0.2
49.7628	0.1
49.7628	0.2
49.7628	0.2
49.7628	0.1
49.7628	0.2
49.7628	0.2
49.7628	0.1
49.7632	0.2
49.7636	0.2
49.7636	0.1
49.764	0.2
49.7648	0.2
49.7652	0.1
49.7652	0.2
49.7652	0.2
49.766	0.1
49.766	0.2
49.766	0.2
49.766	0.1
49.7664	0.2
49.7664	0.2
49.7664	0.1
49.7684	0.2
49.7688	0.2
49.7688	0.1
49.7688	0.2
49.7688	0.2
49.7696	0.1
49.7728	0.2
49.7748	0.2
49.7804	0.1
49.7804	0.2
49.784	0.2
49.7928	0.1
49.796	0.2
49.7988	0.2
49.8	0.1
49.8004	0.2
49.8004	0.2
49.8008	0.1
49.8008	0.2
49.8008	0.2
49.8016	0.1
49.802	0.2
49.8028	0.2
49.8032	0.1
49.8036	0.2
49.8052	0.2
49.8052	0.1
49.8052	0.2
49.8052	0.2
49.8056	0.1
49.8056	0.2
49.8056	0.2
49.8056	0.1
49.8056	0.2
49.806	0.2
49.806	0.1
49.8064	0.2
49.8064	0.2
49.8064	0.1
49.8064	0.2
49.8064	0.2
49.8068	0.1
49.8072	0.2
49.8072	0.2
49.8072	0.1
49.8072	0.2
49.808	0.2
49.808	0.1
49.8084	0.2
49.8088	0.2
49.8092	0.1
49.8092	0.2
49.8092	0.2
49.8092	0.1
49.8092	0.2
49.8092	0.2
49.8092	0.1
49.8092	0.2
49.8092	0.2
49.8164	0.1
49.8164	0.2
49.8164	0.2
49.8164	0.1
49.8164	0.2
49.8164	0.2
49.8296	0.1
49.8348	0.2
49.8472	0.2
49.8604	0.1
49.866	0.2
49.8668	0.2
49.8724	0.1
49.8724	0.2
49.8728	0.2
49.8728	0.2
49.8728	0.2
49.8728	0.2
49.8728	0.1
49.8728	0.2
49.8728	0.2
49.8728	0.1
49.8728	0.2
49.8728	0.2
49.8728	0.1
49.8728	0.2
49.8728	0.2
49.8728	0.1
49.8728	0.2
49.8728	0.2
49.8728	0.1
49.8728	0.2
49.8728	0.2
49.8728	0.1
49.8728	0.2
49.8728	0.2
49.8728	0.1
49.8728	0.2
49.8732	0.2
49.8732	0.1
49.876	0.2
49.876	0.2
49.8784	0.1
49.882	0.2
49.8912	0.2
49.8968	0.1
49.8976	0.2
49.8984	0.2
49.9	0.1
49.9	0.2
49.902	0.2
49.902	0.1
49.902	0.2
49.902	0.2
49.902	0.1
49.902	0.2
49.902	0.2
49.9036	0.1
49.9056	0.2
49.9056	0.2
49.9056	0.1
49.9056	0.2
49.9056	0.2
49.9056	0.1
49.9056	0.2
49.9056	0.2
49.9056	0.1
49.9056	0.2
49.9056	0.2
49.9056	0.1
49.9056	0.2
49.9076	0.2
49.9084	0.1
49.9084	0.2
49.9084	0.2
49.9084	0.1
49.9084	0.2
49.9084	0.2
49.9084	0.1
49.9084	0.2
49.9084	0.2
49.9084	0.1
49.9084	0.2
49.9088	0.2
49.9096	0.1
49.9096	0.2
49.9096	0.2
49.9096	0.1
49.9096	0.2
49.9096	0.2
49.9096	0.1
49.9096	0.2
49.9096	0.2
49.91	0.1
49.91	0.2
49.91	0.2
49.91	0.1
49.91	0.2
49.91	0.2
49.91	0.1
49.9104	0.2
49.9104	0.2
49.9104	0.1
49.9104	0.2
49.9104	0.2
49.9104	0.1
49.9104	0.2
49.9104	0.2
49.9112	0.1
49.9112	0.2
49.912	0.2
49.9128	0.1
49.9132	0.2
49.9132	0.2
49.9132	0.1
49.9132	0.2
49.9132	0.2
49.9132	0.1
49.9132	0.2
49.9136	0.2
49.9136	0.1
49.9136	0.2
49.9136	0.2
49.9136	0.1
49.9136	0.2
49.9136	0.2
49.9136	0.1
49.9136	0.2
49.9136	0.2
49.9136	0.1
49.9136	0.2
49.914	0.2
49.9144	0.1
49.9152	0.2
49.9152	0.2
49.9152	0.1
49.9152	0.2
49.9152	0.2
49.916	0.1
49.9172	0.2
49.9172	0.2
49.9172	0.1
49.9176	0.2
49.918	0.2
49.918	0.1
49.9184	0.2
49.9188	0.2
49.9188	0.1
49.9188	0.2
49.9188	0.2
49.9188	0.1
49.9188	0.2
49.9188	0.2
49.9188	0.1
49.9188	0.2
49.9188	0.2
49.9188	0.1
49.9236	0.2
49.93	0.2
49.932	0.1
49.932	0.2
49.9324	0.2
49.9348	0.1
49.9396	0.2
49.9396	0.2
49.9408	0.1
49.9464	0.2
49.9464	0.2
49.9464	0.1
49.9464	0.2
49.9464	0.2
49.9464	0.1
49.9476	0.2
49.9476	0.2
49.9476	0.1
49.9476	0.2
49.9476	0.2
49.948	0.1
49.9484	0.2
49.9488	0.2
49.9488	0.1
49.9488	0.2
49.9488	0.2
49.9488	0.1
49.9488	0.2
49.9488	0.2
49.9488	0.1
49.9488	0.2
49.9488	0.2
49.9492	0.1
49.9492	0.2
49.9492	0.2
49.9492	0.1
49.9492	0.2
49.9492	0.2
49.9492	0.1
49.9492	0.2
49.9492	0.2
49.9492	0.1
49.9492	0.2
49.9492	0.2
49.956	0.1
49.9568	0.2
49.9568	0.2
49.9584	0.1
49.9604	0.2
49.964	0.2
49.97	0.1
49.976	0.2
49.9792	0.2
49.9812	0.1
49.986	0.2
49.9864	0.2
49.9864	0.1
49.9864	0.2
49.9864	0.2
49.9864	0.1
49.9864	0.2
49.9864	0.2
49.9864	0.1
49.9864	0.2
49.9864	0.2
49.9864	0.1
49.9864	0.2
49.9864	0.2
49.9864	0.1
49.9864	0.2
49.9864	0.2
49.9864	0.1
49.9864	0.2
49.9864	0.2
49.9864	0.1
49.9864	0.2
49.9864	0.2
49.9864	0.1
49.9864	0.2
49.9864	0.2
49.9864	0.1
49.9864	0.2
49.9868	0.2
49.9868	0.1
49.9868	0.2
49.9868	0.2
49.9868	0.1
49.9868	0.2
49.9868	0.2
49.9868	0.1
49.9872	0.2
49.9872	0.2
49.9872	0.1
49.9872	0.2
49.9872	0.2
49.9872	0.1
49.9872	0.2
49.9872	0.2
49.9872	0.1
49.9872	0.2
49.9872	0.2
49.9872	0.1
49.9872	0.2
49.9872	0.2
49.9872	0.1
49.9872	0.2
49.9872	0.2
49.9872	0.1
49.9872	0.2
49.9872	0.2
49.9872	0.1
49.9872	0.2
49.9872	0.2
49.9872	0.1
49.9872	0.2
49.9872	0.2
49.9872	0.1
49.9872	0.2
49.9872	0.2
49.9872	0.1
49.9872	0.2
49.9872	0.2
49.988	0.1
49.988	0.2
49.988	0.2
49.988	0.1
49.9884	0.2
49.9884	0.2
49.9884	0.1
49.9884	0.2
49.9888	0.2
49.9888	0.1
49.9888	0.2
49.9888	0.2
49.9888	0.1
49.9888	0.2
49.9888	0.2
49.9888	0.1
49.9888	0.2
49.9888	0.2
49.9888	0.1
49.9888	0.2
49.9888	0.2
49.9888	0.1
49.9888	0.2
49.9888	0.2
49.9888	0.1
49.9888	0.2
49.9888	0.2
49.9888	0.1
49.9888	0.2
49.9888	0.2
49.9888	0.1
49.9888	0.2
49.9888	0.2
49.9888	0.1
49.9888	0.2
49.9888	0.2
49.9888	0.1
49.9888	0.2
49.9888	0.2
49.9888	0.1
49.9892	0.2
49.9892	0.2
49.9896	0.1
49.9896	0.2
49.9896	0.2
49.9896	0.1
49.9896	0.2
49.9896	0.2
49.9904	0.1
49.9908	0.2
49.9908	0.2
49.9908	0.1
49.9908	0.2
49.9908	0.2
49.9912	0.1
49.992	0.2
49.992	0.2
49.992	0.1
49.992	0.2
49.992	0.2
49.992	0.1
49.992	0.2
49.992	0.2
49.992	0.1
49.992	0.2
49.992	0.2
49.992	0.1
49.992	0.2
49.992	0.2
49.992	0.1
49.992	0.2
49.992	0.2
49.992	0.1
49.992	0.2
49.992	0.2
49.992	0.1
49.992	0.2
49.992	0.2
49.992	0.1
49.992	0.2
49.992	0.2
49.992	0.1
49.992	0.2
49.992	0.2
49.992	0.1
49.992	0.2
49.992	0.2
49.992	0.1
