Created robot #0
  Memory locations:
	Port:	6665
	Client:		0x1ded880
	Pos2dProxy:	0x1df2ca0
	Ranger:		0x1df2f80
	Map:		0x7ffdd4b29050

Created robot #1
  Memory locations:
	Port:	6666
	Client:		0x1df32d0
	Pos2dProxy:	0x1df1620
	Ranger:		0x1df1900
	Map:		0x7ffdd4b290b0

Created robot #2
  Memory locations:
	Port:	6667
	Client:		0x1df1a90
	Pos2dProxy:	0x1df3440
	Ranger:		0x1df3720
	Map:		0x7ffdd4b29110

Created robot #3
  Memory locations:
	Port:	6668
	Client:		0x1df38b0
	Pos2dProxy:	0x1df3c60
	Ranger:		0x1df3f40
	Map:		0x7ffdd4b29170

Created robot #4
  Memory locations:
	Port:	6669
	Client:		0x1df40d0
	Pos2dProxy:	0x1df4440
	Ranger:		0x1df4720
	Map:		0x7ffdd4b291d0

Press any key to begin, and q to stop.
Explored (%)	Simulation Timestep (s)
0	7.8
4.9496	0.1
6.0368	0.2
6.5764	0.2
7.022	0.2
7.274	0.2
7.4592	0.1
7.6412	0.2
7.8812	0.2
8.0904	0.1
8.2732	0.2
8.4648	0.2
8.6592	0.1
8.9064	0.2
9.1648	0.2
9.4632	0.1
9.8096	0.2
10.0512	0.2
10.3216	0.1
10.602	0.2
10.7672	0.2
11.0044	0.1
11.2376	0.2
11.3872	0.2
11.6132	0.1
11.7892	0.2
11.8792	0.2
12.0164	0.1
12.2016	0.2
12.3148	0.3
12.562	0.2
12.8996	0.2
13.1492	0.1
13.3968	0.2
13.6072	0.2
13.8432	0.1
14.1396	0.2
14.2652	0.2
14.5508	0.1
14.8952	0.2
15.0588	0.2
15.2964	0.1
15.5136	0.2
15.6496	0.2
15.874	0.1
16.1852	0.2
16.31	0.2
16.6968	0.1
16.894	0.2
17.3064	0.1
17.6856	0.2
17.9092	0.2
18.2124	0.1
18.4724	0.2
18.694	0.2
18.9952	0.1
19.3724	0.2
19.5812	0.3
19.9356	0.2
20.3216	0.2
20.5544	0.1
20.8832	0.2
21.1824	0.2
21.5048	0.1
21.8892	0.2
22.1876	0.2
22.6056	0.1
23.0376	0.2
23.3852	0.2
23.8128	0.1
24.222	0.2
24.4832	0.2
24.8432	0.1
25.1708	0.2
25.4192	0.2
25.8232	0.1
26.2612	0.2
26.4752	0.3
26.86	0.2
27.3436	0.2
27.6268	0.1
28.0644	0.2
28.48	0.2
28.842	0.1
29.3108	0.2
29.6816	0.2
30.0524	0.1
30.55	0.2
30.8104	0.2
31.1776	0.1
31.648	0.2
32.0276	0.2
32.4908	0.1
32.9308	0.2
33.1828	0.2
33.6364	0.1
34.112	0.2
34.374	0.3
34.8328	0.2
35.3552	0.2
35.6956	0.1
36.208	0.2
36.586	0.2
36.94	0.1
37.4996	0.2
37.9084	0.2
38.2796	0.1
38.834	0.2
39.2076	0.2
39.6396	0.1
40.0948	0.2
40.5708	0.2
41.06	0.1
41.6088	0.2
41.9768	0.2
42.5104	0.1
43.0476	0.2
43.3132	0.2
43.8848	0.1
44.4464	0.2
44.812	0.3
45.3652	0.2
45.942	0.2
46.1788	0.1
46.6768	0.2
47.1964	0.2
47.4812	0.1
48.0652	0.2
48.628	0.2
49.0248	0.1
49.5436	0.2
50.2264	0.2
50.5828	0.1
51.182	0.2
51.7672	0.2
52.2168	0.1
52.7176	0.2
53.1292	0.2
53.7352	0.1
54.3976	0.2
54.7664	0.2
55.002	0.2
55.6332	0.2
55.9504	0.1
56.2252	0.1
56.7232	0.1
57.2168	0.3
57.5032	0.1
58.0912	0.1
58.8296	0.2
59.1804	0.1
59.572	0.2
60.0736	0.2
60.4152	0.1
60.9708	0.1
61.6432	0.1
61.9308	0.2
62.238	0.1
62.5368	0.1
62.9796	0.1
63.3284	0.2
63.6808	0.1
64.0828	0.2
64.6812	0.2
65.258	0.1
65.794	0.1
66.2056	0.1
66.594	0.2
67.1028	0.1
67.716	0.2
67.978	0.2
68.3504	0.1
68.8452	0.1
69.5488	0.1
70.0468	0.2
70.4976	0.1
71.052	0.2
71.4876	0.2
71.9516	0.2
72.3884	0.1
72.6692	0.2
72.908	0.1
73.1204	0.1
73.3772	0.1
73.6708	0.2
73.9244	0.1
74.1696	0.1
74.4712	0.1
74.6476	0.2
74.7864	0.1
74.9192	0.2
75.152	0.2
75.3008	0.2
75.5768	0.1
75.7876	0.2
76.0092	0.1
76.1324	0.1
76.3556	0.1
76.5008	0.3
76.6228	0.1
76.716	0.1
77.0024	0.2
77.1292	0.1
77.2168	0.2
77.4392	0.2
77.646	0.1
77.7632	0.1
77.9808	0.1
78.1084	0.2
78.2416	0.1
78.384	0.1
78.6144	0.1
78.7212	0.3
78.838	0.1
78.956	0.1
79.2792	0.2
79.4156	0.1
79.5452	0.2
79.754	0.2
79.9456	0.1
80.0472	0.1
80.258	0.1
80.394	0.2
80.4992	0.1
80.6128	0.1
80.9028	0.1
81.0324	0.2
81.1428	0.1
81.3416	0.2
81.4436	0.2
81.6668	0.2
81.8332	0.1
81.9444	0.2
82.1884	0.1
82.4944	0.1
82.5964	0.1
82.732	0.2
83.0488	0.2
83.1804	0.1
83.3736	0.2
83.5496	0.1
83.672	0.1
83.748	0.1
83.9236	0.2
84.0168	0.1
84.0676	0.2
84.1348	0.2
84.3244	0.2
84.4968	0.1
84.6532	0.2
84.792	0.1
84.914	0.1
85.0464	0.1
85.2088	0.2
85.29	0.1
85.4376	0.1
85.5144	0.1
85.6352	0.2
85.7568	0.1
85.87	0.2
85.9752	0.2
86.0872	0.2
86.2172	0.1
86.3304	0.2
86.484	0.1
86.5516	0.1
86.6668	0.1
86.8908	0.3
87.0016	0.1
87.082	0.1
87.2232	0.2
87.3004	0.1
87.3636	0.2
87.5328	0.2
87.5684	0.1
87.59	0.1
87.7112	0.1
87.77	0.2
87.7952	0.1
87.856	0.1
87.8756	0.1
87.902	0.2
87.93	0.1
87.938	0.1
87.9428	0.1
87.9496	0.2
87.9516	0.1
87.952	0.2
87.9528	0.2
87.9528	0.2
87.9544	0.1
87.9544	0.2
87.9552	0.1
87.9572	0.1
87.9636	0.1
87.9688	0.3
87.9736	0.1
87.9816	0.1
87.9936	0.2
88.0028	0.2
88.0216	0.1
88.0412	0.2
88.0544	0.1
88.0608	0.1
88.0652	0.1
88.0672	0.2
88.0712	0.1
88.0732	0.1
88.0764	0.1
88.086	0.3
88.0884	0.1
88.0896	0.1
88.0904	0.2
88.0916	0.1
88.092	0.2
88.0944	0.2
88.0968	0.1
88.098	0.1
88.098	0.1
88.098	0.2
88.0996	0.1
88.1024	0.1
88.1044	0.1
88.1044	0.2
88.1044	0.1
88.1052	0.2
88.1056	0.2
88.108	0.2
88.1144	0.1
88.1196	0.2
88.1248	0.1
88.1288	0.1
88.1312	0.1
88.1332	0.2
88.1336	0.2
88.134	0.1
88.14	0.2
88.1448	0.1
88.1452	0.1
88.1456	0.1
88.1472	0.3
88.1472	0.1
88.1496	0.1
88.15	0.2
88.15	0.2
88.15	0.1
88.15	0.2
88.15	0.1
88.15	0.1
88.15	0.1
88.1504	0.2
88.1504	0.1
88.1504	0.1
88.1504	0.1
88.1504	0.3
88.1512	0.1
88.1552	0.1
88.1588	0.3
88.1612	0.1
88.1636	0.1
88.1664	0.2
88.1676	0.1
88.1676	0.2
88.1676	0.2
88.1676	0.2
88.1708	0.1
88.1708	0.2
88.1712	0.2
88.1724	0.1
88.1728	0.2
88.1728	0.3
88.1728	0.2
88.1728	0.2
88.1728	0.1
88.1736	0.2
88.176	0.2
88.1784	0.1
88.1808	0.2
88.1808	0.2
88.182	0.1
88.1824	0.2
88.1844	0.2
88.1876	0.1
88.1884	0.2
88.1908	0.2
88.192	0.1
88.1936	0.2
88.1936	0.2
88.194	0.1
88.1944	0.2
88.1944	0.2
