Created robot #0
  Memory locations:
	Port:	6665
	Client:		0x1d7c880
	Pos2dProxy:	0x1d81ca0
	Ranger:		0x1d81f80
	Map:		0x7fff9627d280

Created robot #1
  Memory locations:
	Port:	6666
	Client:		0x1d822d0
	Pos2dProxy:	0x1d80620
	Ranger:		0x1d80900
	Map:		0x7fff9627d2e0

Created robot #2
  Memory locations:
	Port:	6667
	Client:		0x1d80a90
	Pos2dProxy:	0x1d82440
	Ranger:		0x1d82720
	Map:		0x7fff9627d340

Created robot #3
  Memory locations:
	Port:	6668
	Client:		0x1d828b0
	Pos2dProxy:	0x1d82c60
	Ranger:		0x1d82f40
	Map:		0x7fff9627d3a0

Created robot #4
  Memory locations:
	Port:	6669
	Client:		0x1d830d0
	Pos2dProxy:	0x1d83440
	Ranger:		0x1d83720
	Map:		0x7fff9627d400

Press any key to begin, and q to stop.
Explored (%)	Simulation Timestep (s)
0	12
5.1344	0.2
6.2932	0.1
6.7124	0.2
7.0504	0.2
7.2852	0.1
7.554	0.2
7.7296	0.2
7.9492	0.1
8.1196	0.2
8.274	0.3
8.5156	0.2
8.7544	0.2
9.0244	0.1
9.3148	0.2
9.6452	0.2
9.94	0.1
10.184	0.2
10.3192	0.2
10.4712	0.1
10.6524	0.2
10.8036	0.3
10.9932	0.2
11.2168	0.1
11.4696	0.2
11.6344	0.2
11.8692	0.1
12.1008	0.2
12.2552	0.2
12.5264	0.1
12.7388	0.2
12.8488	0.3
13.11	0.2
13.472	0.2
13.6912	0.1
13.9524	0.2
14.2572	0.2
14.5804	0.1
14.7684	0.2
14.9784	0.2
15.254	0.1
15.51	0.2
15.6992	0.3
16.002	0.2
16.3932	0.2
16.6	0.1
16.8376	0.2
17.1248	0.2
17.412	0.1
17.7188	0.2
17.9016	0.2
18.3368	0.1
18.752	0.2
19.0484	0.3
19.2036	0.2
19.514	0.2
19.7896	0.1
20.0524	0.2
20.222	0.2
20.6192	0.1
21.0424	0.2
21.2876	0.3
21.6704	0.2
22.0588	0.2
22.3552	0.1
22.5884	0.2
22.8408	0.2
23.1436	0.1
23.4708	0.2
23.7352	0.2
23.984	0.1
24.264	0.2
24.4236	0.2
24.7548	0.1
25.1592	0.2
25.3944	0.3
25.8748	0.2
26.2372	0.2
26.4588	0.1
26.7608	0.2
27.0796	0.2
27.3952	0.1
27.8552	0.2
28.1644	0.2
28.6144	0.1
28.9852	0.2
29.2932	0.2
29.8468	0.1
30.26	0.2
30.444	0.3
30.7532	0.2
31.022	0.2
31.3252	0.1
31.6092	0.2
31.9036	0.2
32.2464	0.1
32.6348	0.2
32.9456	0.3
33.3436	0.2
33.8652	0.2
34.33	0.1
34.7292	0.2
35.1072	0.2
35.364	0.1
35.7312	0.2
36.096	0.2
36.5772	0.1
37.0196	0.2
37.2996	0.2
37.6428	0.1
38.1452	0.2
38.5684	0.3
38.838	0.1
39.2424	0.2
39.712	0.1
40.0248	0.1
40.5384	0.1
40.7204	0.3
41.1456	0.2
41.7088	0.3
42.006	0.2
42.3872	0.2
42.7656	0.1
43.1508	0.2
43.6372	0.2
44.1624	0.1
44.4052	0.2
44.6888	0.2
45.1476	0.2
45.7252	0.1
46.318	0.2
46.9188	0.2
47.2408	0.1
47.5512	0.2
48.0156	0.2
48.4396	0.1
48.9624	0.2
49.5608	0.2
50.1408	0.1
50.5984	0.3
50.9092	0.1
51.4532	0.1
51.9568	0.2
52.2804	0.1
52.6568	0.2
53.0096	0.3
53.2284	0.2
53.6804	0.2
54.0252	0.1
54.4044	0.2
54.7984	0.2
55.2844	0.2
55.8828	0.1
56.4208	0.2
56.7908	0.2
57.1392	0.1
57.8848	0.3
58.5308	0.1
58.842	0.1
59.0584	0.3
59.5068	0.2
60.0744	0.2
60.7124	0.1
61.1896	0.2
61.468	0.2
61.9524	0.2
62.3752	0.1
62.7504	0.2
63.5224	0.2
63.9004	0.1
64.4488	0.2
64.9424	0.2
65.5544	0.1
66.0504	0.2
66.3828	0.2
66.8244	0.1
67.264	0.3
67.6292	0.1
68.0348	0.1
68.5292	0.3
69.014	0.1
69.4756	0.1
69.7948	0.3
70.1344	0.2
70.6204	0.2
71.1296	0.1
71.7488	0.1
72.2516	0.1
72.7676	0.2
73.1256	0.2
73.454	0.1
73.9676	0.2
74.3476	0.2
74.806	0.1
75.1528	0.3
75.5292	0.2
75.9764	0.3
76.4428	0.2
76.8296	0.2
77.46	0.1
77.9108	0.2
78.4024	0.2
78.8516	0.1
79.068	0.2
79.3036	0.2
79.7932	0.2
80.1108	0.1
80.518	0.2
80.8892	0.2
81.3244	0.1
81.614	0.2
81.8948	0.2
82.2864	0.1
82.6516	0.2
82.91	0.1
83.2836	0.1
83.6924	0.1
84.0784	0.3
84.4128	0.2
84.6592	0.3
84.844	0.2
85.1316	0.2
85.396	0.1
85.5604	0.2
85.776	0.2
85.9564	0.1
86.1876	0.2
86.4336	0.2
86.7244	0.2
86.9768	0.1
87.268	0.2
87.4888	0.2
87.638	0.1
87.7668	0.2
87.8936	0.2
88.062	0.1
88.258	0.2
88.3828	0.1
88.4712	0.1
88.57	0.1
88.6844	0.3
88.7612	0.2
88.8804	0.3
88.9464	0.2
88.9992	0.2
89.0992	0.1
89.1828	0.1
89.2464	0.1
89.4004	0.2
89.548	0.2
89.64	0.1
89.7312	0.3
89.7576	0.1
89.8048	0.1
89.824	0.3
89.8348	0.2
89.8452	0.3
89.882	0.2
89.8948	0.2
89.9016	0.1
89.9096	0.2
89.9216	0.2
89.9244	0.1
89.972	0.2
89.9804	0.2
90.0156	0.2
90.0252	0.1
90.0344	0.2
90.036	0.2
90.0452	0.1
90.0508	0.2
90.0528	0.1
90.0572	0.2
90.0584	0.3
90.0596	0.2
90.0604	0.2
90.0616	0.1
90.0652	0.1
90.0668	0.1
90.0684	0.2
90.0688	0.2
90.0688	0.1
90.0732	0.2
90.0764	0.2
90.0844	0.1
90.0912	0.2
90.1004	0.2
90.124	0.1
90.16	0.3
90.1888	0.1
90.2128	0.1
90.2328	0.3
90.268	0.1
90.2776	0.1
90.2948	0.3
90.308	0.2
90.3332	0.2
90.3392	0.3
90.3496	0.2
90.3588	0.2
90.3604	0.1
90.3648	0.2
90.366	0.2
90.3676	0.1
90.3764	0.2
90.3864	0.2
90.3884	0.1
90.3972	0.2
90.404	0.2
90.4164	0.1
90.426	0.2
90.4284	0.3
90.4448	0.2
90.4492	0.2
90.4516	0.1
90.4544	0.2
90.4564	0.2
90.4576	0.1
90.4608	0.2
90.4612	0.2
90.464	0.1
90.466	0.2
90.4664	0.2
90.468	0.1
90.47	0.2
90.4732	0.3
90.4752	0.2
90.4768	0.2
90.4836	0.1
90.4952	0.2
90.4992	0.2
90.5108	0.1
90.5132	0.2
90.5224	0.2
90.5284	0.1
90.5332	0.2
90.536	0.2
90.5372	0.1
90.5388	0.2
90.5408	0.3
90.5424	0.2
90.5444	0.2
90.546	0.1
90.5472	0.2
90.5508	0.2
90.5524	0.1
90.5548	0.2
90.5576	0.2
90.5584	0.1
90.5604	0.2
90.5612	0.3
90.5644	0.2
90.5692	0.2
90.5732	0.1
90.5784	0.2
90.588	0.2
90.6	0.1
90.6256	0.2
90.6412	0.3
90.6532	0.2
90.6816	0.2
90.7112	0.1
90.774	0.2
90.8468	0.2
90.9116	0.1
90.9784	0.2
91.0316	0.3
91.0916	0.2
91.1296	0.2
91.1448	0.1
91.1684	0.2
91.2636	0.2
91.3352	0.1
91.4176	0.2
91.4988	0.2
91.5528	0.1
91.6336	0.2
91.6784	0.3
91.7808	0.2
91.8608	0.2
91.882	0.1
91.966	0.2
92.0396	0.2
92.1108	0.1
92.1664	0.2
92.234	0.2
92.2888	0.1
92.3416	0.2
92.4172	0.2
92.502	0.1
92.5728	0.2
92.608	0.3
92.6284	0.2
92.646	0.2
92.6556	0.1
92.754	0.2
92.8432	0.2
92.8984	0.1
92.9532	0.2
93.0196	0.2
93.0748	0.1
93.14	0.2
93.2556	0.2
93.3316	0.1
93.3868	0.2
93.4116	0.3
93.4288	0.2
93.4796	0.2
93.5412	0.1
93.5972	0.2
93.6876	0.2
93.744	0.1
93.8936	0.2
93.9984	0.2
94.086	0.1
94.2252	0.2
94.2912	0.2
94.334	0.1
94.3672	0.2
94.4076	0.3
94.464	0.2
94.5308	0.2
94.5856	0.1
94.7088	0.2
94.7924	0.2
94.8512	0.1
94.9228	0.2
94.9468	0.2
94.996	0.1
95.0308	0.2
95.05	0.3
95.078	0.2
95.0988	0.2
95.11	0.1
95.1304	0.2
95.134	0.2
95.142	0.1
95.146	0.2
95.1588	0.3
95.1684	0.2
