Created robot #0
  Memory locations:
	Port:	6665
	Client:		0x127d880
	Pos2dProxy:	0x1282ca0
	Ranger:		0x1282f80
	Map:		0x7ffe2248bb90

Created robot #1
  Memory locations:
	Port:	6666
	Client:		0x12832d0
	Pos2dProxy:	0x1281620
	Ranger:		0x1281900
	Map:		0x7ffe2248bbf0

Created robot #2
  Memory locations:
	Port:	6667
	Client:		0x1281a90
	Pos2dProxy:	0x1283440
	Ranger:		0x1283720
	Map:		0x7ffe2248bc50

Created robot #3
  Memory locations:
	Port:	6668
	Client:		0x12838b0
	Pos2dProxy:	0x1283c60
	Ranger:		0x1283f40
	Map:		0x7ffe2248bcb0

Created robot #4
  Memory locations:
	Port:	6669
	Client:		0x12840d0
	Pos2dProxy:	0x1284440
	Ranger:		0x1284720
	Map:		0x7ffe2248bd10

Created robot #5
  Memory locations:
	Port:	6670
	Client:		0x12848b0
	Pos2dProxy:	0x1284c20
	Ranger:		0x1284f00
	Map:		0x7ffe2248bd70

Created robot #6
  Memory locations:
	Port:	6671
	Client:		0x1285090
	Pos2dProxy:	0x1285400
	Ranger:		0x12856e0
	Map:		0x7ffe2248bdd0

Created robot #7
  Memory locations:
	Port:	6672
	Client:		0x1285870
	Pos2dProxy:	0x1285be0
	Ranger:		0x1285ec0
	Map:		0x7ffe2248be30

Created robot #8
  Memory locations:
	Port:	6673
	Client:		0x1286050
	Pos2dProxy:	0x12863c0
	Ranger:		0x12866a0
	Map:		0x7ffe2248be90

Created robot #9
  Memory locations:
	Port:	6674
	Client:		0x1286830
	Pos2dProxy:	0x1286ba0
	Ranger:		0x1286e80
	Map:		0x7ffe2248bef0

Press any key to begin, and q to stop.
Explored (%)	Simulation Timestep (s)
0	13.8
6.988	0.2
8.01	0.2
8.5176	0.1
8.998	0.2
9.2484	0.3
9.488	0.2
9.7628	0.2
9.97	0.1
10.2044	0.2
10.3856	0.3
10.654	0.2
10.9564	0.1
11.2932	0.2
11.5	0.3
11.8264	0.2
12.2272	0.2
12.4812	0.1
12.714	0.2
12.9536	0.3
13.2224	0.2
13.5092	0.2
13.7056	0.1
13.9516	0.2
14.2024	0.3
14.5004	0.2
14.8676	0.2
15.0764	0.1
15.3812	0.2
15.7684	0.3
16.0152	0.2
16.4144	0.3
16.7472	0.2
17.2256	0.2
17.7836	0.1
18.174	0.2
18.6296	0.3
18.9264	0.2
19.3296	0.2
19.6948	0.1
19.9732	0.2
20.3688	0.3
20.6952	0.2
21.0128	0.2
21.32	0.1
21.6304	0.2
22.0712	0.3
22.4204	0.2
22.904	0.2
23.2628	0.1
23.6596	0.2
24.2748	0.3
24.8308	0.2
25.3308	0.2
25.6668	0.1
26.002	0.2
26.4692	0.2
26.9052	0.1
27.2996	0.2
27.618	0.3
27.9884	0.2
28.5008	0.2
28.9916	0.1
29.5676	0.2
30.0184	0.3
30.612	0.2
31.1092	0.2
31.4828	0.1
31.9156	0.2
32.272	0.3
32.7696	0.2
33.1088	0.2
33.5864	0.1
34.34	0.2
34.9932	0.3
35.5044	0.2
35.888	0.2
36.3464	0.1
36.8952	0.2
37.246	0.3
37.6128	0.2
37.808	0.3
38.2344	0.2
38.9104	0.2
39.4716	0.1
40.0628	0.2
40.5028	0.3
41.11	0.2
41.844	0.2
42.6428	0.1
43.572	0.2
44.284	0.3
44.9396	0.1
45.434	0.3
45.908	0.2
46.3832	0.2
46.7192	0.2
47.2944	0.1
47.8948	0.3
48.6256	0.2
49.4036	0.2
49.8528	0.2
50.4476	0.1
50.9152	0.3
51.4088	0.2
51.9744	0.3
52.3064	0.2
53.0012	0.2
53.5116	0.2
54.1536	0.1
54.7468	0.3
55.282	0.2
55.9552	0.2
56.526	0.2
57.282	0.1
57.9336	0.3
58.3916	0.1
59.0216	0.1
59.6512	0.3
60.3424	0.2
60.9612	0.5
61.528	0.3
62.0956	0.2
62.8216	0.4
63.7192	0.3
64.4672	0.3
65.332	0.3
66.036	0.2
66.6832	0.5
67.6004	0.3
68.5368	0.2
69.2308	0.4
70.1232	0.3
70.664	0.3
71.4792	0.2
72.1808	0.3
72.9872	0.2
73.7276	0.2
74.3168	0.1
74.8548	0.2
75.2628	0.2
75.7516	0.1
76.248	0.3
76.6648	0.2
77.1816	0.2
77.7948	0.2
78.3068	0.1
78.7696	0.4
79.22	0.1
79.6752	0.4
80.0808	0.1
80.4332	0.3
80.7592	0.2
81.1032	0.2
81.342	0.3
81.772	0.2
82.0352	0.3
82.3424	0.2
82.6872	0.2
82.982	0.1
83.2692	0.4
83.4824	0.1
83.7288	0.3
83.9284	0.2
84.106	0.2
84.2388	0.3
84.458	0.2
84.6196	0.2
84.7908	0.3
84.9712	0.2
85.1428	0.1
85.3232	0.4
85.5408	0.1
85.6868	0.3
85.7852	0.2
86.0696	0.3
86.2888	0.2
86.5112	0.3
86.7296	0.2
86.9176	0.2
87.0672	0.3
87.2124	0.2
87.3972	0.2
87.7132	0.1
88.0348	0.4
88.238	0.1
88.4588	0.3
88.5832	0.2
88.8652	0.3
89.03	0.2
89.3772	0.3
89.596	0.2
89.9592	0.2
90.2424	0.3
90.5412	0.2
90.672	0.2
90.9264	0.3
91.226	0.2
91.4488	0.1
91.6944	0.4
92.0404	0.1
92.3188	0.3
92.4728	0.2
92.7836	0.3
92.9044	0.2
93.146	0.3
93.3728	0.2
93.7416	0.2
94.1276	0.3
94.3676	0.2
94.6116	0.2
94.8668	0.3
95.084	0.2
95.204	0.1
95.324	0.4
95.4648	0.1
95.6472	0.3
95.7456	0.2
95.9168	0.3
95.9976	0.2
96.122	0.2
96.206	0.3
96.2868	0.2
96.3316	0.2
96.3816	0.3
96.4868	0.2
96.546	0.1
96.6652	0.4
96.8284	0.1
96.85	0.3
96.8912	0.2
97.0236	0.2
97.0732	0.3
97.1708	0.2
97.2644	0.2
97.3668	0.3
97.4404	0.2
97.524	0.1
97.6304	0.2
97.7068	0.3
97.7904	0.2
97.8964	0.3
97.9456	0.2
97.9744	0.3
98.1112	0.2
98.1656	0.2
98.2988	0.3
98.3584	0.2
98.4432	0.1
98.5272	0.4
98.5448	0.1
98.6224	0.2
98.7028	0.3
98.7632	0.2
98.7892	0.3
98.8284	0.2
98.8572	0.2
98.8992	0.3
98.9528	0.2
99.0032	0.1
99.0244	0.2
99.0404	0.3
99.066	0.2
99.0752	0.3
99.0792	0.2
99.0892	0.2
99.114	0.3
99.1368	0.2
99.1424	0.1
99.16	0.2
99.1672	0.3
99.1724	0.2
99.1936	0.3
99.1984	0.2
99.2144	0.3
99.2172	0.2
99.2276	0.2
99.2336	0.3
99.2348	0.2
99.2432	0.1
99.2544	0.2
99.2856	0.3
99.3084	0.2
99.318	0.3
99.3816	0.2
99.4048	0.3
99.4332	0.2
