Created robot #0
  Memory locations:
	Port:	6665
	Client:		0x17a0880
	Pos2dProxy:	0x17a5ca0
	Ranger:		0x17a5f80
	Map:		0x7ffdc11236e0

Created robot #1
  Memory locations:
	Port:	6666
	Client:		0x17a62d0
	Pos2dProxy:	0x17a4620
	Ranger:		0x17a4900
	Map:		0x7ffdc1123740

Press any key to begin, and q to stop.
Explored (%)	Simulation Timestep (s)
0	6.7
3.1052	0.2
4.5016	0.2
5.1588	0.1
5.6792	0.2
5.966	0.2
6.1396	0.1
6.3428	0.2
6.462	0.2
6.6288	0.2
6.8708	0.2
7.056	0.2
7.2264	0.1
7.4456	0.2
7.63	0.2
7.7136	0.1
7.8216	0.2
7.948	0.2
8.0204	0.1
8.1672	0.2
8.3432	0.2
8.4432	0.1
8.6652	0.2
8.8872	0.2
9.0252	0.1
9.2116	0.2
9.3124	0.2
9.4772	0.1
9.6604	0.2
9.8176	0.2
10.0052	0.1
10.1964	0.2
10.294	0.2
10.404	0.1
10.56	0.2
10.7348	0.3
10.8716	0.2
11.0824	0.2
11.2516	0.1
11.5288	0.2
11.826	0.2
12.002	0.1
12.2828	0.2
12.488	0.2
12.59	0.1
12.8052	0.2
12.9684	0.2
13.15	0.1
13.2984	0.2
13.4316	0.2
13.618	0.1
13.7428	0.2
13.8212	0.2
13.9576	0.1
14.1308	0.2
14.384	0.1
14.6068	0.2
14.7376	0.2
14.9028	0.1
15.0308	0.2
15.0892	0.3
15.232	0.2
15.4224	0.2
15.5264	0.1
15.6712	0.2
15.7992	0.2
15.8836	0.1
16.01	0.2
16.2056	0.2
16.388	0.1
16.5348	0.2
16.6544	0.2
16.7204	0.1
16.7856	0.2
16.8564	0.2
16.9136	0.1
17.0132	0.2
17.1156	0.2
17.2096	0.1
17.3948	0.2
17.5464	0.2
17.6068	0.1
17.71	0.2
17.7848	0.2
17.9164	0.1
17.9628	0.2
18.0208	0.2
18.2504	0.1
18.428	0.2
18.5376	0.2
18.65	0.1
18.7928	0.2
18.9016	0.2
19.0036	0.1
19.1372	0.2
19.2172	0.2
19.3196	0.1
19.4696	0.2
19.5412	0.2
19.5776	0.1
19.6588	0.2
19.78	0.2
19.8452	0.1
19.8852	0.2
19.9956	0.2
20.0536	0.1
20.1108	0.2
20.246	0.2
20.3632	0.1
20.4708	0.2
20.5824	0.2
20.694	0.1
20.7948	0.2
20.8648	0.2
20.9456	0.1
21.0176	0.2
21.0936	0.2
21.1544	0.1
21.2484	0.2
21.2928	0.2
21.382	0.1
21.5572	0.2
21.6812	0.2
21.8796	0.1
21.9616	0.2
21.9896	0.2
22.0952	0.1
22.1668	0.2
22.2348	0.2
22.3608	0.1
22.4448	0.2
22.4988	0.2
22.6296	0.1
22.7856	0.2
22.8768	0.2
23.0876	0.1
23.3352	0.2
23.4932	0.2
23.726	0.1
23.9008	0.2
23.9552	0.2
24.0648	0.1
24.1528	0.2
24.2032	0.2
24.3216	0.1
24.4616	0.2
24.5504	0.2
24.6468	0.1
24.7572	0.2
24.9156	0.2
25.1288	0.1
25.336	0.1
25.4748	0.3
25.6536	0.2
25.8032	0.3
25.8792	0.2
26.006	0.2
26.0868	0.2
26.2344	0.1
26.4172	0.2
26.5672	0.1
26.7268	0.1
26.9092	0.1
27.0396	0.3
27.1664	0.2
27.3012	0.3
27.392	0.2
27.5668	0.2
27.6984	0.2
27.8316	0.1
27.9748	0.3
28.1164	0.2
28.3576	0.2
28.4796	0.2
28.6324	0.1
28.8496	0.3
28.9888	0.2
29.2352	0.2
29.4428	0.2
29.6388	0.1
29.7324	0.2
29.802	0.1
29.9376	0.2
30.1828	0.3
30.432	0.2
30.5184	0.2
30.7804	0.1
30.936	0.1
31.12	0.1
31.2396	0.2
31.3736	0.2
31.5196	0.1
31.586	0.3
31.6928	0.2
31.8536	0.2
32.016	0.2
32.2	0.1
32.2328	0.2
32.3104	0.2
32.4264	0.1
32.5764	0.3
32.696	0.2
32.7612	0.2
32.9804	0.1
33.1024	0.2
33.1752	0.2
33.308	0.1
33.4416	0.2
33.5128	0.3
33.5732	0.2
33.6568	0.2
33.75	0.2
33.8048	0.1
33.882	0.2
33.9168	0.2
33.9776	0.1
34.008	0.2
34.0296	0.2
34.05	0.1
34.1244	0.2
34.204	0.1
34.338	0.2
34.4052	0.2
34.4608	0.1
34.5052	0.2
34.522	0.3
34.54	0.2
34.5908	0.2
34.6228	0.2
34.6452	0.1
34.6964	0.2
34.7392	0.1
34.8132	0.1
34.8568	0.1
34.9072	0.2
34.9468	0.2
34.9912	0.1
35.0304	0.3
35.1004	0.2
35.1372	0.3
35.2024	0.2
35.2348	0.2
35.3028	0.1
35.36	0.2
35.4036	0.2
35.46	0.2
35.4872	0.1
35.5376	0.2
35.5596	0.2
35.6364	0.1
35.704	0.2
35.7188	0.1
35.766	0.2
35.85	0.3
35.8852	0.2
35.9472	0.2
36.0144	0.1
36.1036	0.1
36.1612	0.1
36.216	0.2
36.2392	0.2
36.288	0.1
36.3464	0.2
36.3824	0.2
36.4884	0.1
36.5112	0.2
36.6096	0.2
36.67	0.1
36.7052	0.3
36.7148	0.2
36.7944	0.2
36.882	0.1
36.974	0.2
37.0236	0.2
37.072	0.1
37.1744	0.2
37.2224	0.3
37.256	0.2
37.2792	0.2
37.2944	0.2
37.3396	0.1
37.3568	0.2
37.3908	0.1
37.418	0.2
37.478	0.2
37.55	0.1
37.6052	0.2
37.6364	0.3
37.6728	0.2
37.7252	0.2
37.7744	0.1
37.8348	0.1
37.8984	0.1
37.9412	0.2
37.9872	0.2
38.0836	0.1
38.1308	0.2
38.204	0.2
38.2216	0.1
38.244	0.2
38.3016	0.2
38.3272	0.1
38.4172	0.3
38.4896	0.2
38.544	0.2
38.596	0.2
38.6176	0.1
38.7024	0.2
38.8064	0.2
38.8352	0.1
38.8716	0.2
38.9184	0.1
39.0428	0.2
39.1688	0.2
39.2748	0.2
39.41	0.1
39.526	0.2
39.616	0.2
39.6816	0.1
39.788	0.3
39.9456	0.2
40.1256	0.2
40.272	0.2
40.4596	0.1
40.6932	0.2
40.8788	0.2
41.0016	0.1
41.072	0.2
41.1452	0.1
41.296	0.2
41.4076	0.2
41.5592	0.2
41.6328	0.1
41.7288	0.2
41.8588	0.3
42.0348	0.2
42.1992	0.2
42.2364	0.1
42.3276	0.2
42.4748	0.2
42.53	0.1
42.7064	0.2
42.8456	0.2
42.9368	0.1
43.0944	0.2
43.2616	0.2
43.4252	0.1
43.6488	0.2
43.8688	0.2
44.016	0.1
44.19	0.2
44.326	0.2
44.4764	0.1
44.5952	0.2
44.718	0.2
44.8608	0.1
44.9724	0.2
45.0708	0.2
45.1228	0.1
45.2316	0.2
45.3676	0.2
45.436	0.1
45.5572	0.2
45.6224	0.3
45.7296	0.2
45.9056	0.2
46.0452	0.1
46.2324	0.2
46.4116	0.2
46.5124	0.1
46.5804	0.2
46.6368	0.2
46.6672	0.1
46.7532	0.2
46.9056	0.2
47.0044	0.1
47.16	0.2
47.33	0.2
47.4112	0.1
47.564	0.2
47.7384	0.2
47.844	0.1
48.096	0.2
48.33	0.2
48.5308	0.1
48.8104	0.2
48.9792	0.3
49.2196	0.2
49.4368	0.2
49.5052	0.1
49.57	0.2
49.6968	0.3
49.8184	0.2
49.8716	0.2
49.9316	0.1
50.0672	0.2
50.2632	0.2
50.3448	0.1
50.4132	0.2
50.566	0.2
50.7096	0.1
50.758	0.2
50.884	0.2
50.9744	0.1
51.0796	0.2
51.1468	0.2
51.222	0.1
51.2656	0.2
51.3748	0.2
51.4596	0.1
51.4972	0.2
51.5472	0.2
51.6484	0.1
51.76	0.2
51.8132	0.3
51.868	0.2
51.9004	0.2
51.9384	0.1
51.9868	0.2
52.0512	0.2
52.0828	0.1
52.19	0.2
52.2292	0.2
52.3472	0.1
52.3872	0.2
52.5364	0.2
52.6896	0.1
52.8168	0.2
52.8544	0.2
53.0412	0.1
53.1048	0.2
53.2292	0.2
53.3264	0.1
53.472	0.2
53.5492	0.2
53.6096	0.1
53.6492	0.2
53.782	0.3
53.9436	0.2
54.0516	0.2
54.088	0.1
54.1812	0.2
54.3236	0.2
54.3928	0.1
54.4616	0.2
54.634	0.2
54.7636	0.1
54.9492	0.2
55.1364	0.2
55.2432	0.1
55.3036	0.2
55.3804	0.2
55.4628	0.1
55.6088	0.2
55.734	0.2
55.7856	0.1
55.8728	0.2
55.9868	0.2
56.0956	0.1
56.1908	0.2
56.2844	0.2
56.4104	0.1
56.5116	0.2
56.6096	0.2
56.712	0.1
56.8464	0.2
56.97	0.2
57.0848	0.1
57.1748	0.2
57.2092	0.2
57.2604	0.1
57.382	0.2
57.4624	0.2
57.5276	0.1
57.5904	0.2
57.6492	0.2
57.6952	0.1
57.8308	0.2
57.9364	0.2
57.9588	0.1
58.0376	0.2
58.1648	0.2
58.2408	0.1
58.3404	0.2
58.4864	0.2
58.522	0.1
58.5748	0.2
58.7124	0.2
58.8748	0.1
59.1196	0.2
59.2628	0.3
59.3524	0.2
59.4152	0.2
59.5096	0.1
59.6476	0.2
59.7152	0.2
59.8056	0.1
59.9724	0.2
60.106	0.2
60.1904	0.1
60.258	0.2
60.3912	0.2
60.4376	0.1
60.4824	0.2
60.5728	0.2
60.6208	0.1
60.8088	0.2
60.8832	0.2
61.0636	0.1
61.126	0.2
61.1816	0.2
61.2724	0.1
61.342	0.2
61.4236	0.2
61.4428	0.1
61.4968	0.2
61.5208	0.2
61.5664	0.1
61.5776	0.2
61.5976	0.2
61.61	0.1
61.634	0.2
61.6512	0.2
61.6608	0.1
61.7292	0.2
61.7504	0.2
61.766	0.1
61.7888	0.2
61.8692	0.2
61.9224	0.1
61.9756	0.2
62.0744	0.2
62.1324	0.1
62.2084	0.2
62.3364	0.2
62.3968	0.1
62.4556	0.2
62.4728	0.2
62.4972	0.1
62.5608	0.2
62.6136	0.2
62.6432	0.1
62.7372	0.2
62.8628	0.2
62.8972	0.1
62.936	0.2
62.9728	0.2
62.9796	0.1
62.9992	0.2
63.0172	0.2
63.0324	0.1
63.0636	0.2
63.0908	0.2
63.1172	0.1
63.2136	0.2
63.3132	0.3
63.448	0.2
63.5488	0.2
63.5952	0.1
63.6292	0.2
63.7096	0.2
63.742	0.1
63.786	0.2
63.8776	0.2
63.9852	0.1
64.0832	0.2
64.1632	0.2
64.212	0.1
64.3356	0.2
64.4416	0.2
64.4848	0.1
64.5568	0.2
64.636	0.2
64.6876	0.1
64.7712	0.2
64.87	0.2
65.0344	0.1
65.1388	0.2
65.1992	0.2
65.2776	0.1
65.3484	0.2
65.4328	0.3
65.4592	0.2
65.5544	0.2
65.6664	0.1
65.7416	0.2
65.7972	0.2
65.8528	0.1
65.954	0.2
66.0352	0.2
66.1112	0.1
66.1964	0.2
66.228	0.2
66.2576	0.1
66.374	0.2
66.4684	0.2
66.5372	0.1
66.5936	0.2
66.7392	0.2
66.8044	0.1
66.9364	0.2
67.0168	0.3
67.1328	0.2
67.2896	0.2
67.4596	0.1
67.6112	0.2
67.7016	0.2
67.822	0.1
67.9268	0.2
68.064	0.2
68.1392	0.1
68.2928	0.2
68.384	0.2
68.4384	0.1
68.5236	0.2
68.6172	0.2
68.7208	0.1
68.9036	0.2
69.0212	0.2
69.116	0.1
69.222	0.2
69.3284	0.2
69.4044	0.1
69.5324	0.2
69.67	0.2
69.7496	0.1
69.9784	0.2
70.206	0.2
70.3464	0.1
70.518	0.2
70.678	0.2
70.87	0.1
71.1228	0.2
71.2536	0.2
71.3936	0.1
71.596	0.2
71.8348	0.2
72.0512	0.1
72.308	0.2
72.4944	0.2
72.5628	0.1
72.6972	0.2
72.872	0.2
72.986	0.1
73.1984	0.2
73.4488	0.2
73.5368	0.1
73.7396	0.2
74.0092	0.3
74.1808	0.2
74.2616	0.2
74.4132	0.1
74.702	0.2
74.9788	0.2
75.2108	0.1
75.3292	0.2
75.514	0.2
75.6536	0.1
75.7588	0.2
75.9024	0.2
76.02	0.1
76.154	0.2
76.2864	0.2
76.4244	0.1
76.5656	0.2
76.692	0.2
76.8004	0.1
76.9272	0.2
77.0724	0.2
77.2296	0.1
77.3744	0.2
77.522	0.2
77.5956	0.1
77.7252	0.2
77.7956	0.2
77.8428	0.1
77.9276	0.2
78.0784	0.3
78.252	0.2
78.3368	0.2
78.438	0.1
78.6036	0.2
78.672	0.2
78.73	0.1
78.768	0.2
78.8168	0.2
78.928	0.1
78.9812	0.2
79.086	0.2
79.1384	0.1
79.2084	0.2
79.2528	0.2
79.31	0.1
79.3868	0.2
79.3996	0.2
79.418	0.1
79.4252	0.2
79.4848	0.2
79.4888	0.1
79.5052	0.2
79.5136	0.2
79.5148	0.2
79.5168	0.2
79.5176	0.2
79.5188	0.1
79.5264	0.2
79.5264	0.2
79.5284	0.1
79.5348	0.2
79.5348	0.2
79.5348	0.1
79.5356	0.2
79.5384	0.2
79.5384	0.1
79.5532	0.2
79.6048	0.2
79.622	0.1
79.6364	0.2
79.6452	0.2
79.6504	0.1
79.6556	0.2
79.6556	0.2
79.6556	0.1
79.6556	0.2
79.6612	0.3
79.6676	0.2
79.6724	0.2
79.6724	0.1
79.6724	0.2
79.6728	0.2
79.684	0.1
79.684	0.2
79.6928	0.2
79.6928	0.1
79.6928	0.2
79.6932	0.2
79.6984	0.1
79.6988	0.2
79.6988	0.2
79.7004	0.1
79.7012	0.2
79.702	0.2
79.702	0.1
79.7052	0.2
79.71	0.2
79.7156	0.1
79.7192	0.2
79.7232	0.2
79.7244	0.1
79.728	0.2
79.7312	0.3
79.7348	0.2
79.7436	0.2
79.7516	0.1
79.7616	0.2
79.8008	0.2
79.8236	0.1
79.854	0.2
79.9092	0.2
79.9588	0.1
79.996	0.2
80.0228	0.2
80.0452	0.1
80.06	0.2
80.0672	0.2
80.1196	0.1
80.1404	0.2
80.1484	0.2
80.2076	0.1
80.2144	0.2
80.2712	0.2
80.3444	0.1
80.3864	0.2
80.3964	0.2
80.4212	0.1
80.4764	0.2
80.4872	0.2
80.4992	0.1
80.5016	0.2
80.5016	0.2
80.5016	0.1
80.5024	0.2
80.5164	0.2
80.5492	0.1
80.5492	0.2
80.5588	0.2
80.5588	0.1
80.5588	0.2
80.5588	0.2
80.5588	0.1
80.5596	0.2
80.5596	0.2
80.5736	0.1
80.574	0.2
80.574	0.2
80.5848	0.1
80.5884	0.2
80.5884	0.3
80.5936	0.2
80.594	0.2
80.5984	0.1
80.6032	0.2
80.604	0.2
80.6048	0.1
80.6048	0.2
80.6048	0.2
80.6048	0.1
80.6048	0.2
80.6048	0.2
80.6048	0.1
80.6048	0.2
80.6048	0.2
80.6048	0.1
80.6048	0.2
80.6048	0.2
80.6048	0.1
80.6048	0.2
80.6076	0.2
80.6156	0.1
80.6452	0.2
80.6704	0.2
80.6872	0.1
80.708	0.2
80.722	0.2
80.7356	0.1
80.7376	0.2
80.7384	0.2
80.7412	0.1
80.7428	0.2
80.7428	0.2
80.7468	0.1
80.7468	0.2
80.7468	0.3
80.7468	0.2
80.7468	0.2
80.7468	0.1
80.7468	0.2
80.7468	0.2
80.7468	0.1
80.7472	0.2
80.7472	0.2
80.7504	0.1
80.7508	0.2
80.7516	0.2
80.7516	0.1
80.7552	0.2
80.756	0.2
80.7696	0.1
