Created robot #0
  Memory locations:
	Port:	6665
	Client:		0x1365880
	Pos2dProxy:	0x136aca0
	Ranger:		0x136af80
Created robot #1
  Memory locations:
	Port:	6666
	Client:		0x136b300
	Pos2dProxy:	0x1369620
	Ranger:		0x1369900
Created robot #2
  Memory locations:
	Port:	6667
	Client:		0x136bb90
	Pos2dProxy:	0x136b3d0
	Ranger:		0x136b690
Created robot #3
  Memory locations:
	Port:	6668
	Client:		0x136c420
	Pos2dProxy:	0x136b910
	Ranger:		0x136be60
Created robot #4
  Memory locations:
	Port:	6669
	Client:		0x136cac0
	Pos2dProxy:	0x136c540
	Ranger:		0x136c7c0
Created robot #5
  Memory locations:
	Port:	6670
	Client:		0x136d360
	Pos2dProxy:	0x136cb40
	Ranger:		0x136ce20
Created robot #6
  Memory locations:
	Port:	6671
	Client:		0x136dbc0
	Pos2dProxy:	0x136d0a0
	Ranger:		0x136d630
Created robot #7
  Memory locations:
	Port:	6672
	Client:		0x136d980
	Pos2dProxy:	0x136dd30
	Ranger:		0x136e010
Created robot #8
  Memory locations:
	Port:	6673
	Client:		0x136ea70
	Pos2dProxy:	0x136e290
	Ranger:		0x136e570
Created robot #9
  Memory locations:
	Port:	6674
	Client:		0x136f300
	Pos2dProxy:	0x136e7f0
	Ranger:		0x136ed40
Press any key to begin, and q to stop.
Explored (%)	Simulation Timestep (s)
0	11.7
6.5724	0.1
7.7192	0.2
8.3384	0.2
8.64	0.1
8.9144	0.2
9.1668	0.2
9.3328	0.1
9.4644	0.2
9.6672	0.3
9.8164	0.2
10.0288	0.3
10.2968	0.2
10.592	0.2
10.8624	0.1
11.08	0.4
11.276	0.1
11.4996	0.2
11.69	0.3
11.8404	0.2
12.012	0.3
12.1232	0.2
12.1964	0.3
12.3328	0.2
12.4668	0.1
12.674	0.2
12.8228	0.3
12.9616	0.2
13.0756	0.3
13.1652	0.2
13.2588	0.2
13.3372	0.1
13.4168	0.4
13.482	0.1
13.604	0.2
13.6928	0.3
13.7396	0.2
13.7784	0.3
13.8512	0.2
13.888	0.2
13.9812	0.3
14.0888	0.2
14.186	0.1
14.2548	0.2
14.326	0.3
14.3824	0.2
14.4288	0.3
14.4752	0.2
14.5556	0.2
14.6464	0.3
14.7088	0.2
14.7836	0.1
14.8908	0.2
14.9848	0.3
15.092	0.2
15.1584	0.3
15.2916	0.2
15.4032	0.3
15.6184	0.2
15.8108	0.2
16.0548	0.1
16.288	0.2
16.3844	0.3
16.6224	0.2
16.8124	0.3
16.8988	0.2
16.9768	0.3
17.0376	0.2
17.0612	0.2
17.208	0.1
17.3332	0.2
17.4568	0.3
17.5392	0.2
17.5996	0.3
17.8048	0.2
17.996	0.2
18.1664	0.3
18.4996	0.2
18.8876	0.1
19.1584	0.2
19.4908	0.3
19.7768	0.2
19.8984	0.3
20.1112	0.2
20.4328	0.3
20.6024	0.2
20.9704	0.2
21.0828	0.1
21.2116	0.4
21.3312	0.1
21.4896	0.2
21.6864	0.3
21.8124	0.2
21.9812	0.3
22.0632	0.1
22.1492	0.3
22.2232	0.2
22.384	0.3
22.5396	0.2
22.7948	0.2
22.9456	0.3
23.1872	0.2
23.5156	0.2
23.7188	0.1
23.938	0.4
24.2872	0.1
24.5024	0.3
24.7636	0.2
25.1108	0.3
25.3272	0.2
25.5688	0.2
25.8336	0.2
25.972	0.3
26.132	0.2
26.3484	0.1
26.4552	0.3
26.6632	0.2
26.8592	0.3
27.0428	0.2
27.22	0.2
27.3824	0.3
27.5596	0.2
27.762	0.2
28.0036	0.1
28.086	0.4
28.2376	0.1
28.4736	0.3
28.682	0.2
28.9508	0.3
29.1508	0.2
29.3444	0.2
29.5084	0.2
29.674	0.3
29.8096	0.2
29.8876	0.1
30.0312	0.3
30.1584	0.2
30.3656	0.3
30.4736	0.2
30.7644	0.2
30.932	0.3
31.2212	0.2
31.4656	0.2
31.7604	0.1
31.9684	0.4
32.222	0.1
32.4632	0.3
32.61	0.2
32.7652	0.3
32.8216	0.2
32.9904	0.2
33.094	0.2
33.2424	0.3
33.3628	0.2
33.5224	0.1
33.6408	0.4
33.746	0.1
33.8568	0.3
33.9724	0.2
34.0564	0.3
34.1376	0.2
34.174	0.2
34.2012	0.2
34.242	0.3
34.2944	0.2
34.3248	0.1
34.3792	0.3
34.4628	0.2
34.5244	0.3
34.5604	0.2
34.582	0.3
34.5924	0.2
34.5968	0.2
34.6096	0.2
34.6172	0.3
34.6596	0.2
34.6616	0.1
34.6972	0.3
34.7148	0.2
34.7636	0.3
34.7976	0.2
34.8116	0.2
34.8324	0.3
34.846	0.2
34.8528	0.2
34.8608	0.1
34.8716	0.4
34.8864	0.1
34.8896	0.3
34.8968	0.2
34.8972	0.2
34.9124	0.3
34.924	0.2
34.9296	0.2
34.9312	0.1
34.954	0.4
34.9672	0.1
34.9704	0.3
34.9788	0.2
34.9936	0.3
35.0048	0.2
35.0104	0.2
35.0148	0.3
35.0164	0.2
35.0224	0.2
35.0288	0.1
35.0416	0.4
35.0548	0.1
35.0732	0.3
35.1236	0.2
35.1524	0.3
35.1848	0.2
35.2224	0.2
35.2576	0.2
35.2748	0.1
35.3572	0.4
35.3844	0.1
35.4216	0.3
35.484	0.2
35.5112	0.3
35.56	0.2
35.6276	0.2
35.6964	0.3
35.8304	0.2
35.868	0.2
35.9496	0.1
36.0016	0.3
36.0756	0.2
36.156	0.3
36.2504	0.2
36.3648	0.2
36.43	0.3
36.4772	0.2
36.6656	0.2
36.8356	0.1
36.998	0.3
37.1072	0.2
37.3272	0.2
37.6008	0.3
37.7776	0.2
37.9656	0.3
38.2512	0.2
38.4936	0.2
38.7868	0.1
38.9716	0.4
39.232	0.1
39.4248	0.2
39.6248	0.3
39.8656	0.2
40.0656	0.3
40.214	0.2
40.3568	0.2
40.542	0.3
40.6856	0.2
40.8164	0.1
40.8648	0.2
40.978	0.3
41.1172	0.2
41.1664	0.3
41.3892	0.2
41.6284	0.2
41.8192	0.1
41.9592	0.4
42.1312	0.1
42.3568	0.2
42.4772	0.3
42.564	0.2
42.6676	0.3
42.7392	0.2
42.8736	0.2
43.0248	0.1
43.232	0.4
43.3372	0.1
43.5568	0.2
43.7832	0.3
43.998	0.2
44.1316	0.3
44.2648	0.2
44.4192	0.2
44.542	0.3
44.6868	0.2
44.7812	0.1
44.9124	0.2
44.9796	0.3
45.102	0.2
45.1576	0.3
45.266	0.2
45.3996	0.3
45.4912	0.2
45.5796	0.2
45.6556	0.1
45.8016	0.2
45.948	0.3
46.0972	0.2
46.286	0.3
46.376	0.2
46.5152	0.3
46.7164	0.2
46.8284	0.2
47.0016	0.1
47.1264	0.2
47.2808	0.3
47.3856	0.2
47.4532	0.3
47.5028	0.2
47.6504	0.2
47.8004	0.3
47.936	0.2
48.0696	0.1
48.1972	0.2
48.36	0.3
48.5288	0.2
48.652	0.3
48.7512	0.2
48.91	0.2
49.0596	0.3
49.1832	0.2
49.2356	0.1
49.3188	0.2
49.4124	0.3
49.5528	0.2
49.7248	0.3
49.898	0.2
50.0696	0.3
50.3192	0.2
50.5192	0.2
50.5928	0.1
50.7136	0.2
50.894	0.3
50.9664	0.2
51.1404	0.3
51.3276	0.2
51.5628	0.3
51.6648	0.2
51.7988	0.2
51.9676	0.1
52.1024	0.4
52.2468	0.1
52.4372	0.2
52.6948	0.3
52.9716	0.2
53.266	0.3
53.3988	0.2
53.486	0.2
53.5396	0.3
53.6832	0.2
53.7952	0.1
53.974	0.2
54.0572	0.3
54.174	0.2
54.2836	0.3
54.4232	0.2
54.5308	0.2
54.7132	0.1
54.8296	0.4
54.9232	0.1
54.964	0.2
55.0916	0.3
55.222	0.2
55.2896	0.3
55.46	0.2
55.5404	0.2
55.628	0.1
55.7964	0.4
55.8604	0.1
56.0172	0.2
56.1348	0.3
56.1912	0.2
56.2988	0.3
56.4708	0.2
56.672	0.2
56.7788	0.1
56.8964	0.4
56.9604	0.1
57.082	0.2
57.1396	0.3
57.2104	0.2
57.2696	0.3
57.3924	0.2
57.4164	0.2
57.5304	0.3
57.612	0.2
57.6812	0.1
57.7088	0.2
57.7532	0.3
57.866	0.2
57.9276	0.3
58.0384	0.2
58.0824	0.3
58.1992	0.2
58.2908	0.2
58.3652	0.1
58.4308	0.2
58.494	0.3
58.552	0.2
58.6312	0.3
58.6676	0.2
58.7204	0.2
58.7636	0.3
58.8536	0.2
58.942	0.1
59.0636	0.2
59.224	0.3
59.3384	0.2
59.4932	0.3
59.59	0.2
59.6868	0.3
59.8388	0.2
59.9608	0.2
60.0936	0.1
60.3044	0.4
60.476	0.1
60.664	0.2
60.7736	0.3
60.9028	0.2
61.0496	0.3
61.1808	0.2
61.3072	0.2
61.402	0.3
61.5356	0.2
61.5688	0.1
61.6496	0.2
61.728	0.3
61.796	0.2
61.8136	0.3
61.836	0.2
61.846	0.2
61.8568	0.3
61.8648	0.2
61.8732	0.1
61.8776	0.2
61.8796	0.3
61.88	0.2
61.8816	0.3
61.8832	0.2
61.8848	0.3
61.888	0.2
61.888	0.2
61.888	0.1
61.8888	0.2
61.8896	0.3
61.8896	0.2
61.9112	0.3
61.9248	0.2
61.9312	0.3
61.934	0.2
61.95	0.2
61.9504	0.1
61.9528	0.2
61.9528	0.3
61.998	0.2
62.0092	0.3
62.0116	0.2
62.0164	0.3
62.0192	0.2
62.0212	0.2
62.0232	0.1
62.0236	0.4
62.024	0.1
62.0248	0.2
62.0252	0.3
62.0364	0.2
62.0456	0.3
62.0656	0.2
62.0872	0.2
62.116	0.3
62.1484	0.2
62.166	0.1
62.2124	0.2
62.2408	0.3
62.2992	0.2
62.338	0.3
62.3548	0.2
62.3668	0.2
62.3708	0.3
62.3752	0.2
62.3792	0.1
62.3792	0.2
62.3832	0.3
62.3864	0.2
62.3864	0.3
62.3904	0.2
62.392	0.2
62.3976	0.1
62.4112	0.4
62.4124	0.1
62.4216	0.2
62.4256	0.3
62.4268	0.2
62.4308	0.3
62.4372	0.2
62.4388	0.2
62.44	0.1
62.4452	0.4
62.4452	0.1
62.4452	0.2
62.446	0.3
62.4496	0.2
62.4512	0.3
62.4516	0.2
62.4564	0.2
62.4684	0.3
62.4696	0.2
62.4708	0.1
62.472	0.2
62.474	0.3
62.4868	0.2
62.4968	0.3
62.5092	0.2
62.5172	0.2
62.5196	0.3
62.522	0.2
62.5232	0.1
62.5256	0.2
62.5268	0.3
62.5272	0.2
62.5284	0.3
62.53	0.2
62.5324	0.3
62.5332	0.2
62.5404	0.2
62.5404	0.1
62.5448	0.2
62.546	0.4
62.548	0.2
62.55	0.2
62.554	0.1
62.5656	0.4
62.5684	0.1
62.5712	0.2
62.5788	0.3
62.58	0.2
62.5804	0.3
62.5808	0.2
62.5808	0.2
62.5812	0.1
62.5816	0.4
62.582	0.1
62.5832	0.2
62.5832	0.3
62.5832	0.2
62.5832	0.3
62.5932	0.2
62.6128	0.2
62.6132	0.1
62.6156	0.2
62.6164	0.3
62.6172	0.2
62.6252	0.3
62.6272	0.2
62.6276	0.2
62.6284	0.3
62.6352	0.2
62.6388	0.1
62.6412	0.2
62.6488	0.3
62.6492	0.2
62.6732	0.3
62.6896	0.2
62.7008	0.3
62.7148	0.2
62.7176	0.2
62.7316	0.1
62.7336	0.4
62.748	0.1
62.7492	0.2
62.7604	0.3
62.7684	0.2
62.772	0.3
62.7836	0.2
62.786	0.2
62.79	0.1
62.7916	0.4
62.7928	0.1
62.7964	0.2
62.7964	0.3
62.798	0.2
62.798	0.3
62.7984	0.2
62.7992	0.2
62.7992	0.1
62.7992	0.4
62.7996	0.1
62.7996	0.2
62.8	0.3
62.8052	0.2
62.8052	0.3
62.8052	0.2
62.8068	0.2
62.8072	0.1
62.8092	0.2
62.8116	0.3
62.8124	0.2
62.8148	0.3
62.8172	0.2
62.8176	0.3
62.818	0.2
62.818	0.2
62.818	0.1
62.818	0.4
62.818	0.1
62.8188	0.2
62.8204	0.3
62.822	0.2
62.8224	0.3
62.8224	0.2
62.8228	0.2
62.8228	0.3
62.8248	0.2
62.8264	0.1
62.8264	0.2
62.8264	0.3
62.8308	0.2
62.832	0.3
62.8324	0.2
62.8328	0.2
62.8332	0.3
62.8336	0.2
62.8336	0.1
62.8336	0.2
62.836	0.3
62.836	0.2
62.8396	0.3
62.8432	0.2
62.8504	0.2
62.8664	0.3
62.8764	0.2
62.8832	0.1
62.8848	0.2
62.8848	0.3
62.8896	0.2
62.8908	0.3
62.8972	0.2
62.9052	0.2
62.9196	0.1
62.926	0.4
62.926	0.1
62.9312	0.2
62.9364	0.3
62.944	0.2
62.9556	0.3
62.97	0.2
62.9704	0.2
62.9904	0.3
63.006	0.2
63.026	0.1
63.0332	0.2
63.1304	0.3
63.214	0.2
63.3212	0.3
63.342	0.2
63.3528	0.2
63.364	0.3
63.376	0.2
63.3804	0.1
63.3848	0.2
63.9572	0.3
64.4172	0.2
65.0312	0.3
65.1612	0.2
65.7684	0.3
66.212	0.2
66.518	0.2
66.6548	0.1
66.7296	0.2
66.8772	0.3
67.0988	0.2
67.2276	0.3
67.2964	0.2
67.4064	0.3
67.4488	0.2
67.4976	0.2
67.612	0.1
67.7764	0.2
67.9488	0.3
68.1864	0.2
68.3652	0.3
68.56	0.2
68.738	0.2
68.9916	0.3
69.186	0.2
69.278	0.1
69.5556	0.2
69.6792	0.3
69.8932	0.2
70.104	0.3
70.2908	0.2
70.5188	0.3
70.6508	0.2
70.8192	0.2
71.0016	0.1
71.1204	0.4
71.1916	0.1
71.288	0.2
71.4252	0.3
71.566	0.2
71.7304	0.3
71.9456	0.2
72.0596	0.2
72.1492	0.3
72.248	0.2
72.3192	0.1
72.4112	0.2
72.51	0.3
72.5344	0.2
72.5692	0.3
72.634	0.2
72.7188	0.2
72.7648	0.3
72.8464	0.2
72.8992	0.1
72.9444	0.2
73.024	0.3
73.1008	0.2
73.2028	0.3
73.3296	0.2
73.4852	0.2
73.6824	0.1
73.8496	0.4
73.9244	0.1
74.122	0.2
74.336	0.3
74.6692	0.2
74.9816	0.3
75.2092	0.2
75.5912	0.2
75.7872	0.3
75.9764	0.2
76.1552	0.1
76.4212	0.2
76.5008	0.3
76.7024	0.2
76.8408	0.3
77.102	0.2
77.2724	0.2
77.478	0.3
77.6036	0.2
77.7608	0.1
77.9632	0.2
78.1228	0.3
78.3684	0.2
78.5488	0.3
78.7976	0.2
79.0592	0.3
79.1696	0.2
79.2628	0.2
79.4188	0.1
79.7344	0.4
80.044	0.1
80.266	0.2
80.5548	0.3
80.7928	0.2
80.9864	0.3
81.1064	0.2
81.168	0.2
81.4368	0.1
81.5964	0.4
81.8316	0.1
82.0736	0.2
82.212	0.3
82.3468	0.2
82.6012	0.3
82.8548	0.2
83.0864	0.2
83.284	0.1
83.4128	0.2
83.5548	0.3
83.6332	0.2
83.6916	0.3
83.7776	0.2
83.8516	0.3
83.9208	0.2
83.9744	0.2
84.0432	0.1
84.0712	0.4
84.0984	0.1
84.1216	0.2
84.1352	0.3
84.148	0.2
84.1576	0.3
84.1824	0.2
84.1888	0.2
84.192	0.3
84.2076	0.2
84.2148	0.1
84.2224	0.2
84.2292	0.3
84.2324	0.2
84.238	0.3
84.2552	0.2
84.2848	0.2
84.2936	0.3
84.3204	0.2
84.3292	0.1
84.3424	0.2
84.3508	0.3
84.358	0.2
84.3652	0.3
84.374	0.2
84.3748	0.3
84.3772	0.2
84.3776	0.2
84.382	0.1
84.3848	0.2
84.3896	0.3
84.392	0.2
84.3936	0.3
84.3936	0.2
84.3948	0.3
84.3956	0.2
84.3992	0.2
84.4004	0.1
84.4036	0.2
84.4048	0.3
84.4064	0.2
84.408	0.3
84.41	0.2
84.4116	0.3
84.4128	0.2
84.42	0.2
84.4256	0.1
84.426	0.4
84.434	0.1
84.4388	0.2
84.4388	0.3
84.4388	0.2
84.4524	0.3
84.4612	0.2
84.4612	0.2
84.464	0.1
84.4656	0.4
84.4672	0.1
84.47	0.2
84.4732	0.3
84.4748	0.2
84.4788	0.3
84.482	0.2
84.4824	0.2
84.4864	0.3
84.4876	0.2
84.488	0.1
84.4892	0.2
84.4896	0.3
84.4896	0.2
84.4896	0.3
84.49	0.2
84.496	0.2
84.5028	0.1
84.5088	0.4
84.5128	0.1
84.5128	0.2
84.5132	0.3
84.5132	0.2
84.5136	0.3
84.5148	0.2
84.5156	0.2
84.5156	0.1
84.516	0.2
84.5176	0.3
84.518	0.2
84.5188	0.3
84.5192	0.2
84.5192	0.3
84.5196	0.2
84.5196	0.2
84.5196	0.1
84.5196	0.4
84.52	0.1
84.52	0.2
84.5212	0.3
84.5376	0.2
84.5528	0.3
84.5668	0.2
84.586	0.2
84.6016	0.3
84.606	0.2
84.606	0.1
84.6092	0.2
84.612	0.3
84.6144	0.2
84.618	0.3
84.6192	0.2
84.62	0.2
84.6204	0.3
84.6236	0.2
84.6252	0.1
84.626	0.2
84.6264	0.3
84.6268	0.2
84.63	0.3
84.6312	0.2
84.632	0.2
84.6324	0.3
84.6324	0.2
84.6332	0.1
84.6332	0.2
84.6336	0.3
84.636	0.2
84.636	0.3
84.636	0.2
84.636	0.2
84.636	0.3
84.6364	0.2
84.6364	0.1
84.6368	0.2
84.6368	0.3
84.6368	0.2
84.6412	0.3
84.644	0.2
84.644	0.3
84.6476	0.2
84.6476	0.2
84.6504	0.1
84.6508	0.2
84.6552	0.3
84.6572	0.2
84.6576	0.3
84.6576	0.2
84.658	0.3
84.658	0.2
84.658	0.2
84.658	0.1
84.658	0.2
84.658	0.3
84.658	0.2
84.658	0.3
84.658	0.2
