Created robot #0
  Memory locations:
	Port:	6665
	Client:		0x1f45880
	Pos2dProxy:	0x1f4aca0
	Ranger:		0x1f4af80
	Map:		0x7ffe4948d790

Created robot #1
  Memory locations:
	Port:	6666
	Client:		0x1f4b2d0
	Pos2dProxy:	0x1f49620
	Ranger:		0x1f49900
	Map:		0x7ffe4948d7f0

Created robot #2
  Memory locations:
	Port:	6667
	Client:		0x1f49a90
	Pos2dProxy:	0x1f4b440
	Ranger:		0x1f4b720
	Map:		0x7ffe4948d850

Created robot #3
  Memory locations:
	Port:	6668
	Client:		0x1f4b8b0
	Pos2dProxy:	0x1f4bc60
	Ranger:		0x1f4bf40
	Map:		0x7ffe4948d8b0

Created robot #4
  Memory locations:
	Port:	6669
	Client:		0x1f4c0d0
	Pos2dProxy:	0x1f4c440
	Ranger:		0x1f4c720
	Map:		0x7ffe4948d910

Created robot #5
  Memory locations:
	Port:	6670
	Client:		0x1f4c8b0
	Pos2dProxy:	0x1f4cc20
	Ranger:		0x1f4cf00
	Map:		0x7ffe4948d970

Created robot #6
  Memory locations:
	Port:	6671
	Client:		0x1f4d090
	Pos2dProxy:	0x1f4d400
	Ranger:		0x1f4d6e0
	Map:		0x7ffe4948d9d0

Created robot #7
  Memory locations:
	Port:	6672
	Client:		0x1f4d870
	Pos2dProxy:	0x1f4dbe0
	Ranger:		0x1f4dec0
	Map:		0x7ffe4948da30

Created robot #8
  Memory locations:
	Port:	6673
	Client:		0x1f4e050
	Pos2dProxy:	0x1f4e3c0
	Ranger:		0x1f4e6a0
	Map:		0x7ffe4948da90

Created robot #9
  Memory locations:
	Port:	6674
	Client:		0x1f4e830
	Pos2dProxy:	0x1f4eba0
	Ranger:		0x1f4ee80
	Map:		0x7ffe4948daf0

Press any key to begin, and q to stop.
Explored (%)	Simulation Timestep (s)
0	39.7
6.78	0.2
7.7448	0.2
8.4032	0.3
8.7548	0.3
9.0372	0.3
9.3432	0.1
9.6116	0.3
9.9152	0.3
10.178	0.3
10.412	0.4
10.7524	0.3
11.0212	0.3
11.3348	0.4
11.6816	0.3
11.9476	0.3
12.1852	0.4
12.3868	0.3
12.5456	0.3
12.7308	0.4
12.928	0.3
13.1128	0.3
13.262	0.4
13.3824	0.3
13.4372	0.3
13.5664	0.4
13.706	0.3
13.8252	0.3
13.9212	0.4
13.9976	0.3
14.1212	0.3
14.2212	0.4
14.3088	0.3
14.4244	0.3
14.5192	0.4
14.6448	0.3
14.768	0.3
14.9132	0.4
15.0092	0.3
15.1712	0.3
15.4016	0.4
15.668	0.3
15.8784	0.3
16.2072	0.4
16.4388	0.3
16.7488	0.3
16.9504	0.4
17.1224	0.3
17.2816	0.3
17.356	0.4
17.4052	0.3
17.5784	0.3
17.8016	0.2
17.9808	0.5
18.206	0.3
18.4312	0.2
18.5472	0.5
18.8448	0.3
19.2244	0.2
19.5284	0.5
19.8432	0.3
20.0832	0.2
20.2648	0.5
20.5524	0.3
20.8536	0.2
21.0228	0.5
21.2408	0.3
21.446	0.2
21.616	0.5
21.9	0.3
22.0656	0.2
22.2728	0.5
22.602	0.3
22.938	0.2
23.2032	0.5
25.092	0.3
26.4196	0.2
27.2468	0.5
28.1608	0.2
29.0784	0.3
29.7532	0.5
30.4028	0.2
30.9816	0.3
31.5284	0.5
32.18	0.2
32.5372	0.3
33.0128	0.4
33.5124	0.3
34	0.3
34.564	0.4
35.1244	0.3
35.6768	0.3
36.1164	0.4
36.5432	0.3
37.1176	0.3
37.4864	0.4
37.8788	0.3
38.2204	0.3
38.7412	0.2
39.1312	0.3
39.466	0.4
39.8004	0.3
40.2576	0.3
40.5256	0.4
40.91	0.3
41.3256	0.3
41.6952	0.2
41.9484	0.3
42.2584	0.4
42.736	0.3
43.0016	0.3
43.2604	0.2
43.414	0.3
43.5708	0.4
43.6512	0.3
43.8336	0.3
43.8832	0.2
43.9684	0.3
44.1192	0.4
44.172	0.3
44.2424	0.3
44.3156	0.2
44.43	0.3
44.4864	0.4
44.5308	0.3
44.5672	0.3
44.6792	0.2
44.7344	0.5
44.7628	0.3
44.8204	0.2
44.8452	0.3
44.9184	0.5
44.9656	0.2
45.0128	0.3
45.0392	0.4
45.1036	0.3
45.1856	0.3
45.2348	0.4
45.3448	0.3
45.4196	0.3
45.4712	0.2
45.56	0.3
45.636	0.5
45.7156	0.2
45.74	0.3
45.7912	0.4
45.916	0.3
46.1076	0.3
46.368	0.2
46.6012	0.5
46.9036	0.3
47.1248	0.2
47.3984	0.3
47.6492	0.4
47.9536	0.3
48.1672	0.3
48.4228	0.2
48.6208	0.3
48.8752	0.4
49.2164	0.3
49.6248	0.3
49.9928	0.4
50.3464	0.3
50.6852	0.3
50.9596	0.4
51.1964	0.3
51.4384	0.3
51.682	0.2
51.956	0.3
52.1588	0.2
52.41	0.3
52.7164	0.4
53.1488	0.3
53.4236	0.3
53.6216	0.2
54.0232	0.5
54.1884	0.3
54.5304	0.2
54.8624	0.3
55.1748	0.4
55.424	0.3
55.7324	0.3
55.9772	0.2
56.248	0.3
56.5644	0.5
56.8428	0.2
57.0848	0.3
57.3672	0.4
57.704	0.3
57.9132	0.3
58.0716	0.4
58.2044	0.3
58.3604	0.3
58.4964	0.4
58.5944	0.3
58.7472	0.3
58.8612	0.2
59.1312	0.3
59.3596	0.4
59.5544	0.3
59.672	0.3
60.0988	0.4
60.454	0.3
60.8168	0.3
61.0744	0.4
61.2812	0.3
61.4632	0.3
61.592	0.2
61.7172	0.5
61.7848	0.3
61.832	0.2
62.0056	0.3
62.0692	0.4
62.1084	0.3
62.1748	0.3
62.2188	0.4
62.2384	0.3
62.3208	0.3
62.4096	0.2
62.4772	0.3
62.5168	0.5
62.5356	0.2
62.9204	0.3
63.3552	0.2
63.8836	0.3
64.056	0.4
64.308	0.3
64.536	0.3
64.7228	0.2
64.8968	0.5
64.9984	0.3
65.1356	0.2
65.2132	0.3
65.358	0.5
65.5144	0.2
65.6672	0.3
65.7308	0.4
65.884	0.3
66.0272	0.3
66.2448	0.4
66.2948	0.3
66.464	0.3
66.6176	0.2
66.7024	0.3
66.8136	0.4
66.8836	0.3
66.9188	0.3
66.9656	0.2
66.9788	0.3
67.06	0.5
67.0828	0.2
67.1056	0.3
67.1216	0.4
67.3272	0.3
67.6664	0.3
67.8448	0.4
67.9472	0.3
68.1952	0.3
68.4612	0.2
68.6636	0.5
68.9588	0.3
69.2696	0.2
69.53	0.3
69.6696	0.4
69.9196	0.3
70.1192	0.3
70.382	0.4
70.5584	0.3
70.7884	0.3
71.0644	0.2
71.2332	0.3
71.388	0.4
71.5676	0.3
71.7428	0.3
71.882	0.4
72.0116	0.3
72.0868	0.3
72.2296	0.2
72.2668	0.5
72.3308	0.2
72.4176	0.4
72.424	0.3
72.5468	0.4
72.7176	0.3
72.8396	0.3
72.9392	0.2
73.03	0.3
73.1436	0.4
73.35	0.3
73.5108	0.3
73.8172	0.2
74.0896	0.3
74.4364	0.2
74.6836	0.3
74.9864	0.4
75.1272	0.3
75.3884	0.3
75.692	0.2
75.8624	0.3
76.1604	0.5
76.3924	0.2
76.7708	0.3
77.1284	0.4
77.6024	0.3
78.076	0.3
78.5288	0.2
79.116	0.3
79.8292	0.4
80.4788	0.3
81.0332	0.3
81.6124	0.4
82.0828	0.3
82.5496	0.3
83.0028	0.2
83.4612	0.3
83.8344	0.4
84.07	0.3
84.3376	0.3
84.7128	0.2
84.9904	0.3
85.3028	0.4
85.4748	0.3
85.6444	0.3
85.8016	0.2
86.7908	0.3
87.4936	0.4
87.6952	0.3
88.0628	0.2
88.44	0.3
88.7116	0.3
89.0484	0.4
89.3036	0.3
89.4948	0.3
89.6708	0.2
89.9124	0.3
90.08	0.4
90.2296	0.3
90.3968	0.3
90.56	0.2
90.7656	0.3
91.0376	0.4
91.302	0.3
91.5448	0.3
91.6692	0.2
91.9232	0.3
92.1612	0.4
92.3712	0.3
92.6496	0.3
92.9064	0.2
93.1256	0.3
93.3572	0.4
93.5752	0.3
93.888	0.3
94.0208	0.2
94.1392	0.3
94.2996	0.4
94.4304	0.3
94.6332	0.3
94.6936	0.2
94.762	0.3
94.8024	0.2
94.83	0.5
94.8448	0.3
94.8592	0.2
94.878	0.3
94.8892	0.4
94.8984	0.3
94.8996	0.3
94.9028	0.2
94.9052	0.3
94.9128	0.4
94.9136	0.3
94.9136	0.3
94.9256	0.2
94.9388	0.3
94.94	0.4
94.9444	0.3
94.9516	0.3
94.952	0.4
94.9584	0.3
94.9616	0.3
94.9648	0.2
94.9776	0.3
94.992	0.4
94.994	0.3
94.9976	0.3
